 1000.00   3.36207E-05
 1000.93   3.31686E-05
 1001.86   3.17148E-05
 1002.79   2.97108E-05
 1003.72   2.74838E-05
 1004.65   2.51237E-05
 1005.58   2.27518E-05
 1006.51   2.04414E-05
 1007.44   1.82508E-05
 1008.37   1.63347E-05
 1009.30   1.44545E-05
 1010.23   1.27409E-05
 1011.16   1.12069E-05
 1012.09   9.80815E-06
 1013.02   8.58658E-06
 1013.95   7.50232E-06
 1014.88   6.50582E-06
 1015.81   5.62160E-06
 1016.74   4.88925E-06
 1017.67   4.23214E-06
 1018.60   3.60574E-06
 1019.53   3.06634E-06
 1020.47   2.57285E-06
 1021.40   2.11542E-06
 1022.33   1.73705E-06
 1023.26   1.38065E-06
 1024.19   1.08403E-06
 1025.12   7.05669E-07
 1026.05   5.11900E-07
 1026.98   1.01274E-06
 1027.91   1.36269E-06
 1028.84   1.68975E-06
 1029.77   2.03211E-06
 1030.70   2.44432E-06
 1031.63   3.02555E-06
 1032.56   3.65586E-06
 1033.49   4.22933E-06
 1034.42   4.66816E-06
 1035.35   4.98171E-06
 1036.28   5.85476E-06
 1037.21   7.32056E-06
 1038.14   9.43114E-06
 1039.07   1.16556E-05
 1040.00   1.38892E-05
 1040.93   1.59997E-05
 1041.86   1.81957E-05
 1042.79   2.06419E-05
 1043.72   2.33629E-05
 1044.69   2.64726E-05
 1045.66   3.00172E-05
 1046.63   3.31506E-05
 1047.60   3.69191E-05
 1048.58   4.11060E-05
 1049.55   4.56012E-05
 1050.52   4.91550E-05
 1051.49   5.21078E-05
 1052.46   5.48312E-05
 1053.43   5.61342E-05
 1054.40   5.68757E-05
 1055.37   5.65807E-05
 1056.34   5.58607E-05
 1057.31   5.52151E-05
 1058.28   5.39533E-05
 1059.26   5.34767E-05
 1060.23   5.60464E-05
 1061.20   6.21027E-05
 1062.17   7.37327E-05
 1063.14   8.93351E-05
 1064.11   1.04887E-04
 1065.08   1.20298E-04
 1066.05   1.36425E-04
 1067.02   1.48587E-04
 1067.99   1.51525E-04
 1068.96   1.49701E-04
 1069.94   1.46977E-04
 1070.91   1.42335E-04
 1071.88   1.35576E-04
 1072.85   1.28590E-04
 1073.82   1.22110E-04
 1074.79   1.15101E-04
 1075.76   1.08495E-04
 1076.73   1.05668E-04
 1077.70   1.09204E-04
 1078.67   1.21660E-04
 1079.64   1.42835E-04
 1080.62   1.71289E-04
 1081.59   2.02447E-04
 1082.56   2.28072E-04
 1083.53   2.51356E-04
 1084.50   2.69423E-04
 1085.47   2.82477E-04
 1086.44   2.92919E-04
 1087.41   3.01510E-04
 1088.38   3.08022E-04
 1089.35   3.13225E-04
 1090.37   3.17914E-04
 1091.38   3.21346E-04
 1092.39   3.24024E-04
 1093.41   3.25888E-04
 1094.42   3.27248E-04
 1095.43   3.28366E-04
 1096.45   3.29283E-04
 1097.46   3.30354E-04
 1098.47   3.31435E-04
 1099.49   3.32717E-04
 1100.50   3.33982E-04
 1101.51   3.35139E-04
 1102.53   3.36004E-04
 1103.54   3.36317E-04
 1104.55   3.36199E-04
 1105.57   3.35453E-04
 1106.58   3.34434E-04
 1107.59   3.33140E-04
 1108.61   3.32010E-04
 1109.62   3.30999E-04
 1110.63   3.30372E-04
 1111.65   3.30172E-04
 1112.66   3.30163E-04
 1113.67   3.30169E-04
 1114.69   3.30008E-04
 1115.70   3.29527E-04
 1116.71   3.28685E-04
 1117.73   3.27414E-04
 1118.74   3.26081E-04
 1119.75   3.24826E-04
 1120.77   3.23714E-04
 1121.78   3.22975E-04
 1122.79   3.22485E-04
 1123.81   3.22117E-04
 1124.82   3.21547E-04
 1125.83   3.20719E-04
 1126.85   3.19374E-04
 1127.86   3.17799E-04
 1128.87   3.16180E-04
 1129.89   3.14751E-04
 1130.90   3.13691E-04
 1131.91   3.12997E-04
 1132.93   3.12349E-04
 1133.94   3.11201E-04
 1134.95   3.09080E-04
 1135.97   3.05836E-04
 1136.98   3.01861E-04
 1138.04   2.97709E-04
 1139.10   2.94708E-04
 1140.15   2.93555E-04
 1141.21   2.93803E-04
 1142.27   2.94466E-04
 1143.33   2.93952E-04
 1144.38   2.91065E-04
 1145.44   2.85556E-04
 1146.50   2.78942E-04
 1147.56   2.73228E-04
 1148.62   2.68955E-04
 1149.67   2.66678E-04
 1150.73   2.65857E-04
 1151.79   2.65772E-04
 1152.85   2.65175E-04
 1153.90   2.62383E-04
 1154.96   2.55758E-04
 1156.02   2.46610E-04
 1157.08   2.37877E-04
 1158.13   2.32583E-04
 1159.19   2.32215E-04
 1160.25   2.33898E-04
 1161.31   2.32095E-04
 1162.36   2.23709E-04
 1163.42   2.14003E-04
 1164.48   2.07827E-04
 1165.54   2.04820E-04
 1166.60   2.00847E-04
 1167.65   1.94034E-04
 1168.71   1.86845E-04
 1169.77   1.80840E-04
 1170.83   1.74613E-04
 1171.88   1.66467E-04
 1172.94   1.61484E-04
 1174.00   1.60828E-04
 1175.06   1.56628E-04
 1176.11   1.45027E-04
 1177.17   1.32544E-04
 1178.23   1.26439E-04
 1179.29   1.24472E-04
 1180.34   1.19823E-04
 1181.40   1.11204E-04
 1182.46   1.04435E-04
 1183.52   9.64957E-05
 1184.58   8.92762E-05
 1185.63   8.68068E-05
 1186.69   7.96766E-05
 1187.79   7.04360E-05
 1188.90   6.58529E-05
 1190.00   6.05346E-05
 1191.11   5.54021E-05
 1192.21   4.98071E-05
 1193.31   4.44858E-05
 1194.42   4.08093E-05
 1195.52   3.60950E-05
 1196.63   3.13666E-05
 1197.73   2.85106E-05
 1198.83   2.53700E-05
 1199.94   2.23035E-05
 1201.04   1.98856E-05
 1202.15   1.75689E-05
 1203.25   1.57263E-05
 1204.35   1.39539E-05
 1205.46   1.23958E-05
 1206.56   1.10796E-05
 1207.66   9.84306E-06
 1208.77   8.67770E-06
 1209.87   7.57742E-06
 1210.98   6.50413E-06
 1212.08   5.48501E-06
 1213.18   4.48756E-06
 1214.29   3.49103E-06
 1215.39   1.85774E-06
 1216.50   2.90889E-06
 1217.60   3.85660E-06
 1218.70   4.84417E-06
 1219.81   5.77837E-06
 1220.91   6.87902E-06
 1222.02   7.97824E-06
 1223.12   9.08301E-06
 1224.22   1.01424E-05
 1225.33   1.11538E-05
 1226.43   1.21210E-05
 1227.54   1.30852E-05
 1228.64   1.40447E-05
 1229.74   1.48534E-05
 1230.85   1.57919E-05
 1231.95   1.71559E-05
 1233.05   1.90676E-05
 1234.16   2.17701E-05
 1235.26   2.54441E-05
 1236.37   3.12293E-05
 1237.47   3.81325E-05
 1238.57   4.56888E-05
 1239.73   4.92950E-05
 1240.88   5.67992E-05
 1242.03   7.06702E-05
 1243.18   7.68483E-05
 1244.33   8.54612E-05
 1245.49   9.10246E-05
 1246.64   9.81870E-05
 1247.79   1.09417E-04
 1248.94   1.23408E-04
 1250.10   1.34372E-04
 1251.25   1.31563E-04
 1252.40   1.33675E-04
 1253.55   1.51179E-04
 1254.70   1.65966E-04
 1255.86   1.67387E-04
 1257.01   1.71766E-04
 1258.16   1.84171E-04
 1259.31   1.90737E-04
 1260.47   1.87327E-04
 1261.62   1.88439E-04
 1262.77   2.05979E-04
 1263.92   2.30627E-04
 1265.07   2.34556E-04
 1266.23   2.16610E-04
 1267.38   2.07681E-04
 1268.53   2.19569E-04
 1269.68   2.45628E-04
 1270.83   2.61053E-04
 1271.99   2.55948E-04
 1273.14   2.43364E-04
 1274.29   2.40977E-04
 1275.44   2.49393E-04
 1276.60   2.62412E-04
 1277.75   2.69644E-04
 1278.90   2.68512E-04
 1280.05   2.65256E-04
 1281.20   2.64685E-04
 1282.36   2.68130E-04
 1283.51   2.73010E-04
 1284.66   2.76493E-04
 1285.81   2.78295E-04
 1286.96   2.79355E-04
 1288.12   2.80896E-04
 1289.27   2.82318E-04
 1290.42   2.83287E-04
 1291.57   2.84079E-04
 1292.73   2.85583E-04
 1293.93   2.88265E-04
 1295.13   2.91762E-04
 1296.33   2.94300E-04
 1297.54   2.94987E-04
 1298.74   2.93646E-04
 1299.94   2.92100E-04
 1301.14   2.92032E-04
 1302.35   2.94237E-04
 1303.55   2.97873E-04
 1304.75   3.01115E-04
 1305.95   3.02895E-04
 1307.16   3.03102E-04
 1308.36   3.02266E-04
 1309.56   3.01719E-04
 1310.76   3.02359E-04
 1311.97   3.04054E-04
 1313.17   3.06217E-04
 1314.37   3.07767E-04
 1315.57   3.08403E-04
 1316.78   3.08391E-04
 1317.98   3.08325E-04
 1319.18   3.08883E-04
 1320.38   3.09922E-04
 1321.59   3.11403E-04
 1322.79   3.12539E-04
 1323.99   3.12878E-04
 1325.19   3.12650E-04
 1326.40   3.11950E-04
 1327.60   3.11737E-04
 1328.80   3.11865E-04
 1330.00   3.13146E-04
 1331.21   3.14833E-04
 1332.41   3.16337E-04
 1333.61   3.17320E-04
 1334.81   3.17394E-04
 1336.02   3.16877E-04
 1337.22   3.16180E-04
 1338.42   3.15393E-04
 1339.62   3.15116E-04
 1340.83   3.15300E-04
 1342.03   3.15721E-04
 1343.23   3.16272E-04
 1344.43   3.16826E-04
 1345.64   3.17260E-04
 1346.84   3.17616E-04
 1348.04   3.18112E-04
 1349.24   3.18740E-04
 1350.50   3.19357E-04
 1351.76   3.19961E-04
 1353.01   3.20349E-04
 1354.27   3.20268E-04
 1355.52   3.19943E-04
 1356.78   3.19440E-04
 1358.03   3.18934E-04
 1359.29   3.18523E-04
 1360.54   3.18195E-04
 1361.80   3.17974E-04
 1363.05   3.17618E-04
 1364.31   3.17117E-04
 1365.56   3.16443E-04
 1366.82   3.15576E-04
 1368.07   3.14681E-04
 1369.33   3.13875E-04
 1370.58   3.13197E-04
 1371.84   3.12713E-04
 1373.09   3.12132E-04
 1374.35   3.11426E-04
 1375.60   3.10358E-04
 1376.86   3.08857E-04
 1378.11   3.07118E-04
 1379.37   3.05127E-04
 1380.62   3.03118E-04
 1381.88   3.01336E-04
 1383.13   2.99867E-04
 1384.39   2.98680E-04
 1385.64   2.97788E-04
 1386.90   2.97124E-04
 1388.15   2.96274E-04
 1389.41   2.95448E-04
 1390.66   2.94175E-04
 1391.92   2.92825E-04
 1393.17   2.91473E-04
 1394.43   2.90204E-04
 1395.68   2.89394E-04
 1396.94   2.89134E-04
 1398.19   2.89548E-04
 1399.45   2.90653E-04
 1400.70   2.92435E-04
 1401.96   2.94929E-04
 1403.21   2.97947E-04
 1404.47   3.01112E-04
 1405.72   3.04402E-04
 1406.98   3.07606E-04
 1408.23   3.10577E-04
 1409.55   3.13459E-04
 1410.86   3.16035E-04
 1412.16   3.18271E-04
 1413.47   3.20302E-04
 1414.79   3.22078E-04
 1416.09   3.23498E-04
 1417.40   3.24735E-04
 1418.71   3.25858E-04
 1420.02   3.26787E-04
 1421.33   3.27561E-04
 1422.64   3.28258E-04
 1423.95   3.28659E-04
 1425.26   3.28977E-04
 1426.57   3.29142E-04
 1427.88   3.29241E-04
 1429.19   3.29295E-04
 1430.50   3.29273E-04
 1431.81   3.29249E-04
 1433.12   3.29175E-04
 1434.43   3.29065E-04
 1435.74   3.29038E-04
 1437.05   3.28952E-04
 1438.36   3.28833E-04
 1439.67   3.28713E-04
 1440.98   3.28578E-04
 1442.29   3.28427E-04
 1443.60   3.28268E-04
 1444.91   3.28110E-04
 1446.22   3.27944E-04
 1447.53   3.27756E-04
 1448.84   3.27587E-04
 1450.15   3.27398E-04
 1451.46   3.27196E-04
 1452.77   3.27004E-04
 1454.08   3.26806E-04
 1455.39   3.26594E-04
 1456.70   3.26399E-04
 1458.01   3.26186E-04
 1459.32   3.25983E-04
 1460.63   3.25778E-04
 1461.94   3.25569E-04
 1463.25   3.25361E-04
 1464.56   3.25143E-04
 1465.87   3.24935E-04
 1467.18   3.24725E-04
 1468.49   3.24504E-04
 1469.80   3.24296E-04
 1471.17   3.24080E-04
 1472.54   3.23851E-04
 1473.91   3.23741E-04
 1475.27   3.23526E-04
 1476.64   3.23283E-04
 1478.01   3.23058E-04
 1479.38   3.22831E-04
 1480.74   3.22614E-04
 1482.11   3.22380E-04
 1483.48   3.22154E-04
 1484.84   3.21911E-04
 1486.21   3.21690E-04
 1487.58   3.21468E-04
 1488.95   3.21241E-04
 1490.31   3.21004E-04
 1491.68   3.20777E-04
 1493.05   3.20557E-04
 1494.41   3.20332E-04
 1495.78   3.20102E-04
 1497.15   3.19876E-04
 1498.52   3.19657E-04
 1499.88   3.19423E-04
 1501.25   3.19194E-04
 1502.62   3.18976E-04
 1503.99   3.18756E-04
 1505.35   3.18520E-04
 1506.72   3.18301E-04
 1508.09   3.18076E-04
 1509.45   3.17853E-04
 1510.82   3.17630E-04
 1512.19   3.17400E-04
 1513.56   3.17180E-04
 1514.92   3.16961E-04
 1516.29   3.16742E-04
 1517.66   3.16509E-04
 1519.03   3.16297E-04
 1520.39   3.16071E-04
 1521.76   3.15846E-04
 1523.13   3.15620E-04
 1524.49   3.15401E-04
 1525.86   3.15320E-04
 1527.23   3.15097E-04
 1528.60   3.14884E-04
 1529.96   3.14646E-04
 1531.33   3.14432E-04
 1532.70   3.14213E-04
 1534.07   3.13990E-04
 1535.49   3.13760E-04
 1536.92   3.13532E-04
 1538.35   3.13309E-04
 1539.77   3.13078E-04
 1541.20   3.12853E-04
 1542.63   3.12617E-04
 1544.05   3.12390E-04
 1545.48   3.12173E-04
 1546.91   3.11943E-04
 1548.34   3.11711E-04
 1549.76   3.11488E-04
 1551.19   3.11276E-04
 1552.62   3.11041E-04
 1554.04   3.10821E-04
 1555.47   3.10599E-04
 1556.90   3.10367E-04
 1558.33   3.10152E-04
 1559.75   3.09925E-04
 1561.18   3.09707E-04
 1562.61   3.09484E-04
 1564.03   3.09261E-04
 1565.46   3.09043E-04
 1566.89   3.08820E-04
 1568.31   3.08598E-04
 1569.74   3.08372E-04
 1571.17   3.08163E-04
 1572.60   3.07938E-04
 1574.02   3.07724E-04
 1575.45   3.07502E-04
 1576.88   3.07289E-04
 1578.30   3.07065E-04
 1579.73   3.06856E-04
 1581.16   3.06632E-04
 1582.58   3.06418E-04
 1584.01   3.06193E-04
 1585.44   3.05996E-04
 1586.87   3.05776E-04
 1588.29   3.05567E-04
 1589.72   3.05348E-04
 1591.15   3.05146E-04
 1592.57   3.04935E-04
 1594.00   3.04722E-04
 1595.43   3.04510E-04
 1596.86   3.04291E-04
 1598.28   3.04103E-04
 1599.71   3.03887E-04
 1601.14   3.03681E-04
 1602.63   3.03462E-04
 1604.12   3.03243E-04
 1605.60   3.03041E-04
 1607.09   3.02822E-04
 1608.58   3.02604E-04
 1610.07   3.02395E-04
 1611.56   3.02171E-04
 1613.05   3.01970E-04
 1614.54   3.01756E-04
 1616.03   3.01556E-04
 1617.52   3.01343E-04
 1619.01   3.01116E-04
 1620.50   3.00913E-04
 1621.99   3.00704E-04
 1623.48   3.00500E-04
 1624.97   3.00292E-04
 1626.46   3.00092E-04
 1627.95   2.99865E-04
 1629.44   2.99668E-04
 1630.92   2.99457E-04
 1632.41   2.99254E-04
 1633.90   2.99049E-04
 1635.39   2.98838E-04
 1636.88   2.98626E-04
 1638.37   2.98428E-04
 1639.86   2.98229E-04
 1641.35   2.98013E-04
 1642.84   2.97813E-04
 1644.33   2.97600E-04
 1645.82   2.97400E-04
 1647.31   2.97194E-04
 1648.80   2.96987E-04
 1650.29   2.96790E-04
 1651.78   2.96590E-04
 1653.27   2.96385E-04
 1654.76   2.96182E-04
 1656.25   2.95975E-04
 1657.73   2.95783E-04
 1659.22   2.95574E-04
 1660.71   2.95376E-04
 1662.20   2.95179E-04
 1663.69   2.94974E-04
 1665.18   2.94777E-04
 1666.67   2.94575E-04
 1668.16   2.94380E-04
 1669.65   2.94181E-04
 1671.14   2.93983E-04
 1672.69   2.93775E-04
 1674.25   2.93568E-04
 1675.80   2.93356E-04
 1677.36   2.93146E-04
 1678.91   2.92935E-04
 1680.47   2.92732E-04
 1682.02   2.92532E-04
 1683.58   2.92327E-04
 1685.13   2.92130E-04
 1686.68   2.91924E-04
 1688.24   2.91723E-04
 1689.79   2.91523E-04
 1691.35   2.91308E-04
 1692.90   2.91105E-04
 1694.46   2.90899E-04
 1696.01   2.90700E-04
 1697.57   2.90498E-04
 1699.12   2.90297E-04
 1700.68   2.90093E-04
 1702.23   2.89897E-04
 1703.79   2.89695E-04
 1705.34   2.89493E-04
 1706.89   2.89308E-04
 1708.45   2.89103E-04
 1710.00   2.88908E-04
 1711.56   2.88710E-04
 1713.11   2.88511E-04
 1714.67   2.88309E-04
 1716.22   2.88247E-04
 1717.78   2.88045E-04
 1719.33   2.87851E-04
 1720.89   2.87658E-04
 1722.44   2.87462E-04
 1723.99   2.87259E-04
 1725.55   2.87071E-04
 1727.10   2.86876E-04
 1728.66   2.86676E-04
 1730.21   2.86474E-04
 1731.77   2.86287E-04
 1733.32   2.86085E-04
 1734.88   2.85893E-04
 1736.43   2.85704E-04
 1737.99   2.85510E-04
 1739.54   2.85320E-04
 1741.09   2.85124E-04
 1742.65   2.84939E-04
 1744.20   2.84757E-04
 1745.83   2.84555E-04
 1747.45   2.84350E-04
 1749.07   2.84157E-04
 1750.69   2.83958E-04
 1752.32   2.83759E-04
 1753.94   2.83559E-04
 1755.56   2.83365E-04
 1757.18   2.83166E-04
 1758.81   2.82980E-04
 1760.43   2.82783E-04
 1762.05   2.82585E-04
 1763.67   2.82385E-04
 1765.30   2.82194E-04
 1766.92   2.81998E-04
 1768.54   2.81797E-04
 1770.16   2.81619E-04
 1771.79   2.81417E-04
 1773.41   2.81230E-04
 1775.03   2.81034E-04
 1776.65   2.80841E-04
 1778.28   2.80649E-04
 1779.90   2.80465E-04
 1781.52   2.80268E-04
 1783.14   2.80072E-04
 1784.77   2.79883E-04
 1786.39   2.79697E-04
 1788.01   2.79504E-04
 1789.63   2.79316E-04
 1791.26   2.79130E-04
 1792.88   2.78953E-04
 1794.50   2.78749E-04
 1796.12   2.78563E-04
 1797.75   2.78382E-04
 1799.37   2.78190E-04
 1800.99   2.78006E-04
 1802.61   2.77813E-04
 1804.24   2.77635E-04
 1805.86   2.77448E-04
 1807.48   2.77262E-04
 1809.10   2.77088E-04
 1810.73   2.76894E-04
 1812.35   2.76705E-04
 1813.97   2.76522E-04
 1815.59   2.76349E-04
 1817.22   2.76162E-04
 1818.84   2.75977E-04
 1820.46   2.75793E-04
 1822.15   2.75599E-04
 1823.85   2.75402E-04
 1825.54   2.75224E-04
 1827.24   2.75032E-04
 1828.93   2.74843E-04
 1830.62   2.74663E-04
 1832.32   2.74466E-04
 1834.01   2.74280E-04
 1835.70   2.74102E-04
 1837.40   2.73901E-04
 1839.09   2.73715E-04
 1840.78   2.73532E-04
 1842.48   2.73344E-04
 1844.17   2.73166E-04
 1845.86   2.72978E-04
 1847.56   2.72795E-04
 1849.25   2.72606E-04
 1850.94   2.72420E-04
 1852.64   2.72237E-04
 1854.33   2.72052E-04
 1856.02   2.71869E-04
 1857.72   2.71691E-04
 1859.41   2.71495E-04
 1861.10   2.71319E-04
 1862.80   2.71151E-04
 1864.49   2.70957E-04
 1866.18   2.70778E-04
 1867.88   2.70596E-04
 1869.57   2.70411E-04
 1871.27   2.70236E-04
 1872.96   2.70054E-04
 1874.65   2.69867E-04
 1876.35   2.69691E-04
 1878.04   2.69515E-04
 1879.73   2.69332E-04
 1881.43   2.69151E-04
 1883.12   2.68972E-04
 1884.81   2.68802E-04
 1886.51   2.68616E-04
 1888.20   2.68447E-04
 1889.89   2.68269E-04
 1891.59   2.68098E-04
 1893.28   2.67910E-04
 1894.97   2.67735E-04
 1896.67   2.67556E-04
 1898.36   2.67385E-04
 1900.05   2.67217E-04
 1901.82   2.67027E-04
 1903.59   2.66840E-04
 1905.36   2.66667E-04
 1907.12   2.66483E-04
 1908.89   2.66301E-04
 1910.66   2.66128E-04
 1912.43   2.65935E-04
 1914.19   2.65760E-04
 1915.96   2.65577E-04
 1917.73   2.65403E-04
 1919.50   2.65222E-04
 1921.26   2.65039E-04
 1923.03   2.64863E-04
 1924.80   2.64691E-04
 1926.57   2.64507E-04
 1928.33   2.64327E-04
 1930.10   2.64154E-04
 1931.87   2.63977E-04
 1933.64   2.63804E-04
 1935.40   2.63627E-04
 1937.17   2.63446E-04
 1938.94   2.63267E-04
 1940.71   2.63092E-04
 1942.47   2.62922E-04
 1944.24   2.62743E-04
 1946.01   2.62574E-04
 1947.78   2.62396E-04
 1949.54   2.62221E-04
 1951.31   2.62051E-04
 1953.08   2.61875E-04
 1954.85   2.61702E-04
 1956.61   2.61528E-04
 1958.38   2.61362E-04
 1960.15   2.61181E-04
 1961.92   2.61021E-04
 1963.68   2.60836E-04
 1965.45   2.60665E-04
 1967.22   2.60490E-04
 1968.99   2.60325E-04
 1970.75   2.60160E-04
 1972.52   2.59991E-04
 1974.29   2.59810E-04
 1976.06   2.59649E-04
 1977.82   2.59481E-04
 1979.59   2.59307E-04
 1981.36   2.59142E-04
 1983.13   2.58975E-04
 1984.97   2.58808E-04
 1986.82   2.58626E-04
 1988.66   2.58452E-04
 1990.51   2.58262E-04
 1992.35   2.58089E-04
 1994.19   2.57919E-04
 1996.04   2.57744E-04
 1997.88   2.57576E-04
 1999.73   2.57401E-04
 2001.57   2.57224E-04
 2003.42   2.57052E-04
 2005.26   2.56884E-04
 2007.11   2.56704E-04
 2008.95   2.56547E-04
 2010.80   2.56361E-04
 2012.64   2.56191E-04
 2014.49   2.56026E-04
 2016.33   2.55852E-04
 2018.18   2.55673E-04
 2020.02   2.55515E-04
 2021.87   2.55353E-04
 2023.71   2.55174E-04
 2025.56   2.55007E-04
 2027.40   2.54830E-04
 2029.25   2.54665E-04
 2031.09   2.54509E-04
 2032.93   2.54334E-04
 2034.78   2.54161E-04
 2036.62   2.53994E-04
 2038.47   2.53815E-04
 2040.31   2.53665E-04
 2042.16   2.53493E-04
 2044.00   2.53330E-04
 2045.85   2.53158E-04
 2047.69   2.52996E-04
 2049.54   2.52828E-04
 2051.38   2.52659E-04
 2053.23   2.52498E-04
 2055.07   2.52325E-04
 2056.92   2.52162E-04
 2058.76   2.51999E-04
 2060.61   2.51839E-04
 2062.45   2.51683E-04
 2064.30   2.51517E-04
 2066.14   2.51347E-04
 2067.99   2.51187E-04
 2069.83   2.51022E-04
 2071.76   2.50847E-04
 2073.68   2.50681E-04
 2075.61   2.50515E-04
 2077.53   2.50354E-04
 2079.46   2.50177E-04
 2081.38   2.50011E-04
 2083.31   2.49842E-04
 2085.23   2.49662E-04
 2087.16   2.49501E-04
 2089.08   2.49342E-04
 2091.01   2.49168E-04
 2092.94   2.49001E-04
 2094.86   2.48829E-04
 2096.79   2.48677E-04
 2098.71   2.48508E-04
 2100.64   2.48337E-04
 2102.56   2.48175E-04
 2104.49   2.48009E-04
 2106.41   2.47842E-04
 2108.34   2.47669E-04
 2110.26   2.47520E-04
 2112.19   2.47344E-04
 2114.11   2.47192E-04
 2116.04   2.47027E-04
 2117.97   2.46859E-04
 2119.89   2.46692E-04
 2121.82   2.46537E-04
 2123.74   2.46366E-04
 2125.67   2.46212E-04
 2127.59   2.46048E-04
 2129.52   2.45893E-04
 2131.44   2.45729E-04
 2133.37   2.45558E-04
 2135.29   2.45402E-04
 2137.22   2.45238E-04
 2139.15   2.45082E-04
 2141.07   2.44914E-04
 2143.00   2.44752E-04
 2144.92   2.44585E-04
 2146.85   2.44434E-04
 2148.77   2.44282E-04
 2150.70   2.44112E-04
 2152.62   2.43961E-04
 2154.55   2.43797E-04
 2156.47   2.43641E-04
 2158.40   2.43482E-04
 2160.32   2.43317E-04
 2162.33   2.43158E-04
 2164.34   2.42998E-04
 2166.35   2.42833E-04
 2168.36   2.42668E-04
 2170.37   2.42506E-04
 2172.38   2.42343E-04
 2174.39   2.42170E-04
 2176.40   2.42016E-04
 2178.41   2.41849E-04
 2180.42   2.41691E-04
 2182.43   2.41533E-04
 2184.44   2.41366E-04
 2186.45   2.41200E-04
 2188.46   2.41045E-04
 2190.47   2.40878E-04
 2192.48   2.40722E-04
 2194.49   2.40566E-04
 2196.50   2.40406E-04
 2198.51   2.40238E-04
 2200.52   2.40089E-04
 2202.53   2.39922E-04
 2204.54   2.39766E-04
 2206.55   2.39603E-04
 2208.56   2.39442E-04
 2210.57   2.39274E-04
 2212.57   2.39127E-04
 2214.58   2.38957E-04
 2216.59   2.38807E-04
 2218.60   2.38644E-04
 2220.61   2.38490E-04
 2222.62   2.38338E-04
 2224.63   2.38174E-04
 2226.64   2.38020E-04
 2228.65   2.37852E-04
 2230.66   2.37702E-04
 2232.67   2.37548E-04
 2234.68   2.37395E-04
 2236.69   2.37241E-04
 2238.70   2.37078E-04
 2240.71   2.36915E-04
 2242.72   2.36767E-04
 2244.73   2.36619E-04
 2246.74   2.36464E-04
 2248.75   2.36294E-04
 2250.76   2.36153E-04
 2252.77   2.36001E-04
 2254.78   2.35849E-04
 2256.87   2.35688E-04
 2258.97   2.35516E-04
 2261.07   2.35369E-04
 2263.17   2.35199E-04
 2265.26   2.35048E-04
 2267.36   2.34887E-04
 2269.46   2.34732E-04
 2271.56   2.34569E-04
 2273.65   2.34417E-04
 2275.75   2.34246E-04
 2277.85   2.34105E-04
 2279.95   2.33936E-04
 2282.04   2.33775E-04
 2284.14   2.33618E-04
 2286.24   2.33466E-04
 2288.34   2.33298E-04
 2290.43   2.33145E-04
 2292.53   2.32998E-04
 2294.63   2.32838E-04
 2296.73   2.32687E-04
 2298.82   2.32533E-04
 2300.92   2.32367E-04
 2303.02   2.32212E-04
 2305.12   2.32056E-04
 2307.21   2.31903E-04
 2309.31   2.31757E-04
 2311.41   2.31591E-04
 2313.51   2.31437E-04
 2315.60   2.31290E-04
 2317.70   2.31137E-04
 2319.80   2.30977E-04
 2321.90   2.30836E-04
 2323.99   2.30675E-04
 2326.09   2.30523E-04
 2328.19   2.30369E-04
 2330.29   2.30217E-04
 2332.38   2.30064E-04
 2334.48   2.29915E-04
 2336.58   2.29773E-04
 2338.67   2.29611E-04
 2340.77   2.29456E-04
 2342.87   2.29304E-04
 2344.97   2.29164E-04
 2347.06   2.29006E-04
 2349.16   2.28858E-04
 2351.26   2.28702E-04
 2353.36   2.28550E-04
 2355.55   2.28397E-04
 2357.74   2.28238E-04
 2359.92   2.28087E-04
 2362.11   2.27934E-04
 2364.30   2.27776E-04
 2366.49   2.27627E-04
 2368.68   2.27463E-04
 2370.87   2.27316E-04
 2373.06   2.27165E-04
 2375.25   2.27006E-04
 2377.44   2.26848E-04
 2379.63   2.26692E-04
 2381.82   2.26540E-04
 2384.01   2.26389E-04
 2386.19   2.26228E-04
 2388.38   2.26083E-04
 2390.57   2.25926E-04
 2392.76   2.25780E-04
 2394.95   2.25618E-04
 2397.14   2.25474E-04
 2399.33   2.25320E-04
 2401.52   2.25171E-04
 2403.71   2.25010E-04
 2405.90   2.24860E-04
 2408.09   2.24719E-04
 2410.28   2.24567E-04
 2412.46   2.24405E-04
 2414.65   2.24255E-04
 2416.84   2.24110E-04
 2419.03   2.23960E-04
 2421.22   2.23810E-04
 2423.41   2.23674E-04
 2425.60   2.23511E-04
 2427.79   2.23352E-04
 2429.98   2.23213E-04
 2432.17   2.23062E-04
 2434.36   2.22911E-04
 2436.55   2.22770E-04
 2438.73   2.22626E-04
 2440.92   2.22468E-04
 2443.11   2.22328E-04
 2445.30   2.22174E-04
 2447.49   2.22019E-04
 2449.68   2.21881E-04
 2451.87   2.21735E-04
 2454.06   2.21583E-04
 2456.25   2.21439E-04
 2458.53   2.21293E-04
 2460.82   2.21146E-04
 2463.10   2.20977E-04
 2465.39   2.20828E-04
 2467.67   2.20685E-04
 2469.96   2.20523E-04
 2472.24   2.20373E-04
 2474.53   2.20232E-04
 2476.81   2.20061E-04
 2479.10   2.19915E-04
 2481.38   2.19764E-04
 2483.67   2.19627E-04
 2485.95   2.19471E-04
 2488.24   2.19321E-04
 2490.52   2.19170E-04
 2492.81   2.19022E-04
 2495.09   2.18870E-04
 2497.38   2.18723E-04
 2499.66   2.18569E-04
 2501.95   2.18424E-04
 2504.23   2.18278E-04
 2506.52   2.18137E-04
 2508.80   2.17970E-04
 2511.09   2.17829E-04
 2513.37   2.17683E-04
 2515.66   2.17533E-04
 2517.94   2.17384E-04
 2520.22   2.17247E-04
 2522.51   2.17091E-04
 2524.79   2.16944E-04
 2527.08   2.16794E-04
 2529.36   2.16643E-04
 2531.65   2.16498E-04
 2533.93   2.16357E-04
 2536.22   2.16205E-04
 2538.50   2.16060E-04
 2540.79   2.15926E-04
 2543.07   2.15767E-04
 2545.36   2.15629E-04
 2547.64   2.15489E-04
 2549.93   2.15336E-04
 2552.21   2.15201E-04
 2554.50   2.15046E-04
 2556.78   2.14908E-04
 2559.07   2.14760E-04
 2561.35   2.14617E-04
 2563.64   2.14477E-04
 2566.02   2.14323E-04
 2568.41   2.14178E-04
 2570.79   2.14030E-04
 2573.18   2.13868E-04
 2575.56   2.13731E-04
 2577.95   2.13588E-04
 2580.33   2.13438E-04
 2582.72   2.13278E-04
 2585.10   2.13135E-04
 2587.49   2.12994E-04
 2589.87   2.12834E-04
 2592.26   2.12697E-04
 2594.64   2.12544E-04
 2597.02   2.12408E-04
 2599.41   2.12245E-04
 2601.79   2.12105E-04
 2604.18   2.11960E-04
 2606.56   2.11820E-04
 2608.95   2.11669E-04
 2611.33   2.11514E-04
 2613.72   2.11371E-04
 2616.10   2.11233E-04
 2618.49   2.11082E-04
 2620.87   2.10939E-04
 2623.26   2.10795E-04
 2625.64   2.10647E-04
 2628.03   2.10506E-04
 2630.41   2.10364E-04
 2632.80   2.10210E-04
 2635.18   2.10074E-04
 2637.57   2.09933E-04
 2639.95   2.09780E-04
 2642.34   2.09646E-04
 2644.72   2.09497E-04
 2647.10   2.09353E-04
 2649.49   2.09218E-04
 2651.87   2.09070E-04
 2654.26   2.08926E-04
 2656.64   2.08785E-04
 2659.03   2.08647E-04
 2661.41   2.08503E-04
 2663.80   2.08356E-04
 2666.18   2.08220E-04
 2668.57   2.08068E-04
 2670.95   2.07941E-04
 2673.34   2.07793E-04
 2675.72   2.07660E-04
 2678.21   2.07513E-04
 2680.70   2.07354E-04
 2683.19   2.07211E-04
 2685.68   2.07068E-04
 2688.17   2.06927E-04
 2690.66   2.06781E-04
 2693.15   2.06622E-04
 2695.63   2.06481E-04
 2698.12   2.06339E-04
 2700.61   2.06192E-04
 2703.10   2.06052E-04
 2705.59   2.05908E-04
 2708.08   2.05767E-04
 2710.57   2.05614E-04
 2713.06   2.05467E-04
 2715.55   2.05323E-04
 2718.04   2.05184E-04
 2720.53   2.05043E-04
 2723.01   2.04893E-04
 2725.50   2.04757E-04
 2727.99   2.04612E-04
 2730.48   2.04468E-04
 2732.97   2.04321E-04
 2735.46   2.04185E-04
 2737.95   2.04040E-04
 2740.44   2.03899E-04
 2742.93   2.03762E-04
 2745.42   2.03614E-04
 2747.90   2.03476E-04
 2750.39   2.03328E-04
 2752.88   2.03191E-04
 2755.37   2.03050E-04
 2757.86   2.02904E-04
 2760.35   2.02772E-04
 2762.84   2.02630E-04
 2765.33   2.02486E-04
 2767.82   2.02349E-04
 2770.31   2.02203E-04
 2772.80   2.02071E-04
 2775.28   2.01928E-04
 2777.77   2.01793E-04
 2780.26   2.01657E-04
 2782.75   2.01509E-04
 2785.24   2.01376E-04
 2787.73   2.01227E-04
 2790.22   2.01096E-04
 2792.71   2.00954E-04
 2795.31   2.00809E-04
 2797.90   2.00668E-04
 2800.50   2.00528E-04
 2803.10   2.00373E-04
 2805.70   2.00237E-04
 2808.29   2.00093E-04
 2810.89   1.99960E-04
 2813.49   1.99803E-04
 2816.09   1.99657E-04
 2818.69   1.99523E-04
 2821.28   1.99385E-04
 2823.88   1.99246E-04
 2826.48   1.99093E-04
 2829.08   1.98960E-04
 2831.68   1.98814E-04
 2834.27   1.98668E-04
 2836.87   1.98534E-04
 2839.47   1.98393E-04
 2842.07   1.98255E-04
 2844.66   1.98106E-04
 2847.26   1.97971E-04
 2849.86   1.97833E-04
 2852.46   1.97687E-04
 2855.06   1.97554E-04
 2857.65   1.97413E-04
 2860.25   1.97268E-04
 2862.85   1.97129E-04
 2865.45   1.96994E-04
 2868.05   1.96847E-04
 2870.64   1.96712E-04
 2873.24   1.96573E-04
 2875.84   1.96437E-04
 2878.44   1.96292E-04
 2881.03   1.96151E-04
 2883.63   1.96019E-04
 2886.23   1.95884E-04
 2888.83   1.95744E-04
 2891.43   1.95611E-04
 2894.02   1.95466E-04
 2896.62   1.95335E-04
 2899.22   1.95189E-04
 2901.82   1.95054E-04
 2904.42   1.94932E-04
 2907.01   1.94792E-04
 2909.61   1.94655E-04
 2912.21   1.94512E-04
 2914.81   1.94378E-04
 2917.52   1.94230E-04
 2920.23   1.94092E-04
 2922.94   1.93956E-04
 2925.65   1.93820E-04
 2928.36   1.93680E-04
 2931.08   1.93531E-04
 2933.79   1.93382E-04
 2936.50   1.93243E-04
 2939.21   1.93105E-04
 2941.92   1.92971E-04
 2944.63   1.92820E-04
 2947.34   1.92684E-04
 2950.06   1.92553E-04
 2952.77   1.92415E-04
 2955.48   1.92272E-04
 2958.19   1.92135E-04
 2960.90   1.91991E-04
 2963.61   1.91853E-04
 2966.32   1.91718E-04
 2969.04   1.91578E-04
 2971.75   1.91436E-04
 2974.46   1.91300E-04
 2977.17   1.91163E-04
 2979.88   1.91029E-04
 2982.59   1.90888E-04
 2985.30   1.90746E-04
 2988.02   1.90615E-04
 2990.73   1.90470E-04
 2993.44   1.90343E-04
 2996.15   1.90194E-04
 2998.86   1.90070E-04
 3001.57   1.89939E-04
 3004.28   1.89795E-04
 3007.00   1.89661E-04
 3009.71   1.89521E-04
 3012.42   1.89378E-04
 3015.13   1.89249E-04
 3017.84   1.89108E-04
 3020.55   1.88984E-04
 3023.26   1.88853E-04
 3025.98   1.88709E-04
 3028.69   1.88578E-04
 3031.40   1.88435E-04
 3034.11   1.88309E-04
 3036.82   1.88174E-04
 3039.53   1.88039E-04
 3042.25   1.87909E-04
 3045.08   1.87763E-04
 3047.91   1.87621E-04
 3050.74   1.87493E-04
 3053.57   1.87352E-04
 3056.40   1.87206E-04
 3059.23   1.87076E-04
 3062.06   1.86925E-04
 3064.89   1.86790E-04
 3067.72   1.86652E-04
 3070.55   1.86518E-04
 3073.38   1.86377E-04
 3076.21   1.86243E-04
 3079.04   1.86111E-04
 3081.87   1.85972E-04
 3084.70   1.85838E-04
 3087.53   1.85694E-04
 3090.36   1.85560E-04
 3093.19   1.85422E-04
 3096.02   1.85281E-04
 3098.85   1.85149E-04
 3101.68   1.85013E-04
 3104.51   1.84882E-04
 3107.34   1.84735E-04
 3110.17   1.84602E-04
 3113.00   1.84472E-04
 3115.82   1.84328E-04
 3118.66   1.84194E-04
 3121.49   1.84060E-04
 3124.32   1.83933E-04
 3127.14   1.83799E-04
 3129.97   1.83665E-04
 3132.80   1.83529E-04
 3135.64   1.83393E-04
 3138.47   1.83265E-04
 3141.30   1.83121E-04
 3144.12   1.82986E-04
 3146.95   1.82866E-04
 3149.78   1.82730E-04
 3152.61   1.82600E-04
 3155.45   1.82467E-04
 3158.28   1.82325E-04
 3161.11   1.82190E-04
 3163.93   1.82064E-04
 3166.76   1.81933E-04
 3169.59   1.81804E-04
 3172.43   1.81667E-04
 3175.26   1.81537E-04
 3178.21   1.81398E-04
 3181.16   1.81255E-04
 3184.12   1.81119E-04
 3187.07   1.80992E-04
 3190.02   1.80855E-04
 3192.98   1.80714E-04
 3195.93   1.80586E-04
 3198.88   1.80439E-04
 3201.84   1.80306E-04
 3204.79   1.80172E-04
 3207.75   1.80029E-04
 3210.70   1.79897E-04
 3213.65   1.79766E-04
 3216.61   1.79622E-04
 3219.56   1.79491E-04
 3222.51   1.79360E-04
 3225.47   1.79221E-04
 3228.42   1.79082E-04
 3231.38   1.78949E-04
 3234.33   1.78815E-04
 3237.28   1.78683E-04
 3240.24   1.78562E-04
 3243.19   1.78422E-04
 3246.14   1.78286E-04
 3249.10   1.78157E-04
 3252.05   1.78023E-04
 3255.01   1.77887E-04
 3257.96   1.77759E-04
 3260.91   1.77629E-04
 3263.87   1.77487E-04
 3266.82   1.77358E-04
 3269.77   1.77226E-04
 3272.73   1.77088E-04
 3275.68   1.76967E-04
 3278.64   1.76839E-04
 3281.59   1.76699E-04
 3284.54   1.76563E-04
 3287.50   1.76435E-04
 3290.45   1.76294E-04
 3293.40   1.76164E-04
 3296.36   1.76051E-04
 3299.31   1.75914E-04
 3300.00   1.75885E-04
 3320.00   1.75002E-04
 3340.00   1.74124E-04
 3360.00   1.73270E-04
 3380.00   1.72405E-04
 3400.00   1.71548E-04
 3420.00   1.70705E-04
 3440.00   1.69866E-04
 3460.00   1.69040E-04
 3480.00   1.68213E-04
 3500.00   1.67396E-04
 3520.00   1.66579E-04
 3540.00   1.65764E-04
 3560.00   1.64966E-04
 3580.00   1.64175E-04
 3600.00   1.63377E-04
 3620.00   1.62604E-04
 3630.00   1.62206E-04
 3644.79   1.61641E-04
 3644.99   1.61600E-04
 3660.00   1.61003E-04
 3680.00   1.60225E-04
 3700.00   1.59437E-04
 3720.00   1.58632E-04
 3740.00   1.57738E-04
 3760.00   1.56964E-04
 3770.00   1.56194E-04
 3780.00   1.56884E-04
 3790.00   1.55761E-04
 3800.00   1.54333E-04
 3810.00   1.56879E-04
 3815.00   1.57064E-04
 3816.00   1.56974E-04
 3817.00   1.56848E-04
 3818.00   1.56650E-04
 3819.00   1.56438E-04
 3820.00   1.56165E-04
 3821.00   1.55837E-04
 3822.00   1.55467E-04
 3832.00   1.50060E-04
 3833.00   1.49487E-04
 3834.00   1.48926E-04
 3835.00   1.48499E-04
 3836.00   1.48671E-04
 3837.00   1.49322E-04
 3838.00   1.50059E-04
 3839.00   1.50822E-04
 3840.00   1.51626E-04
 3841.00   1.52437E-04
 3842.00   1.53231E-04
 3843.00   1.54010E-04
 3844.00   1.54779E-04
 3845.00   1.55513E-04
 3846.00   1.56232E-04
 3847.00   1.56908E-04
 3848.00   1.57530E-04
 3849.00   1.58119E-04
 3850.00   1.58660E-04
 3851.50   1.59385E-04
 3853.00   1.59964E-04
 3854.50   1.60417E-04
 3856.00   1.60743E-04
 3857.50   1.60927E-04
 3859.00   1.60954E-04
 3860.50   1.60855E-04
 3862.00   1.60601E-04
 3863.50   1.60187E-04
 3865.00   1.59618E-04
 3866.50   1.58909E-04
 3868.00   1.58042E-04
 3869.50   1.57037E-04
 3871.00   1.55887E-04
 3872.50   1.54628E-04
 3874.00   1.53239E-04
 3875.50   1.51733E-04
 3877.00   1.50129E-04
 3878.50   1.48423E-04
 3880.00   1.46606E-04
 3881.50   1.44698E-04
 3883.00   1.42720E-04
 3884.50   1.40691E-04
 3886.00   1.38636E-04
 3887.50   1.36691E-04
 3889.00   1.35511E-04
 3890.50   1.36768E-04
 3892.00   1.38915E-04
 3893.50   1.41197E-04
 3895.00   1.43490E-04
 3896.50   1.45788E-04
 3898.00   1.48031E-04
 3899.50   1.50211E-04
 3901.00   1.52317E-04
 3902.50   1.54368E-04
 3904.00   1.56341E-04
 3905.50   1.58243E-04
 3907.00   1.60049E-04
 3908.50   1.61771E-04
 3910.00   1.63363E-04
 3911.50   1.64854E-04
 3913.00   1.66209E-04
 3914.50   1.67424E-04
 3916.00   1.68516E-04
 3917.50   1.69440E-04
 3919.00   1.70234E-04
 3920.50   1.70886E-04
 3922.00   1.71391E-04
 3923.50   1.71768E-04
 3925.00   1.72018E-04
 3926.50   1.72139E-04
 3928.00   1.72128E-04
 3929.50   1.71970E-04
 3931.00   1.71688E-04
 3932.50   1.71232E-04
 3934.00   1.70638E-04
 3935.50   1.69890E-04
 3937.00   1.68968E-04
 3938.50   1.67876E-04
 3940.00   1.66607E-04
 3941.50   1.65146E-04
 3943.00   1.63507E-04
 3944.50   1.61670E-04
 3946.00   1.59667E-04
 3947.50   1.57500E-04
 3949.00   1.55215E-04
 3950.50   1.52817E-04
 3952.00   1.50335E-04
 3953.50   1.47767E-04
 3955.00   1.45091E-04
 3956.50   1.42250E-04
 3958.00   1.39291E-04
 3959.50   1.36211E-04
 3961.00   1.33039E-04
 3962.50   1.29860E-04
 3964.00   1.26678E-04
 3965.50   1.23410E-04
 3967.00   1.20061E-04
 3968.50   1.16531E-04
 3970.00   1.12841E-04
 3971.50   1.16202E-04
 3973.00   1.19784E-04
 3974.50   1.23179E-04
 3976.00   1.26494E-04
 3977.50   1.29731E-04
 3979.00   1.32990E-04
 3980.50   1.36268E-04
 3982.00   1.39484E-04
 3983.50   1.42613E-04
 3985.00   1.45661E-04
 3986.50   1.48589E-04
 3988.00   1.51443E-04
 3989.50   1.54257E-04
 3991.00   1.57029E-04
 3992.50   1.59776E-04
 3994.00   1.62416E-04
 3995.50   1.64981E-04
 3997.00   1.67405E-04
 3998.50   1.69697E-04
 4000.00   1.71848E-04
 4001.50   1.73842E-04
 4003.00   1.75700E-04
 4004.50   1.77404E-04
 4006.00   1.78991E-04
 4007.50   1.80438E-04
 4009.00   1.81756E-04
 4010.50   1.82954E-04
 4012.00   1.84028E-04
 4013.50   1.85026E-04
 4015.00   1.85896E-04
 4016.50   1.86691E-04
 4018.00   1.87394E-04
 4019.50   1.88017E-04
 4021.00   1.88576E-04
 4022.50   1.89057E-04
 4024.00   1.89473E-04
 4025.50   1.89827E-04
 4027.00   1.90107E-04
 4028.50   1.90337E-04
 4030.00   1.90503E-04
 4031.50   1.90622E-04
 4033.00   1.90660E-04
 4034.50   1.90651E-04
 4036.00   1.90581E-04
 4037.50   1.90448E-04
 4039.00   1.90226E-04
 4040.50   1.89946E-04
 4042.00   1.89609E-04
 4043.50   1.89171E-04
 4045.00   1.88658E-04
 4046.50   1.88048E-04
 4048.00   1.87363E-04
 4049.50   1.86562E-04
 4051.00   1.85663E-04
 4052.50   1.84649E-04
 4054.00   1.83524E-04
 4055.50   1.82269E-04
 4057.00   1.80910E-04
 4058.50   1.79416E-04
 4060.00   1.77787E-04
 4061.50   1.76051E-04
 4063.00   1.74194E-04
 4064.50   1.72230E-04
 4066.00   1.70174E-04
 4067.50   1.68027E-04
 4069.00   1.65802E-04
 4070.50   1.63540E-04
 4072.00   1.61239E-04
 4073.50   1.58881E-04
 4075.00   1.56514E-04
 4076.50   1.54068E-04
 4078.00   1.51550E-04
 4079.50   1.48938E-04
 4081.00   1.46186E-04
 4082.50   1.43306E-04
 4084.00   1.40290E-04
 4085.50   1.37136E-04
 4087.00   1.33900E-04
 4088.50   1.30574E-04
 4090.00   1.27175E-04
 4091.50   1.23682E-04
 4093.00   1.20082E-04
 4094.50   1.16359E-04
 4096.00   1.12469E-04
 4097.50   1.08384E-04
 4099.00   1.04038E-04
 4100.50   9.92524E-05
 4102.00   9.67515E-05
 4103.50   1.01019E-04
 4105.00   1.05627E-04
 4106.50   1.09842E-04
 4108.00   1.13837E-04
 4109.50   1.17637E-04
 4111.00   1.21292E-04
 4112.50   1.24823E-04
 4114.00   1.28256E-04
 4115.50   1.31603E-04
 4117.00   1.34871E-04
 4118.50   1.38062E-04
 4120.00   1.41140E-04
 4121.50   1.44116E-04
 4123.00   1.46934E-04
 4124.50   1.49638E-04
 4126.00   1.52231E-04
 4127.50   1.54753E-04
 4129.00   1.57225E-04
 4130.50   1.59642E-04
 4132.00   1.62053E-04
 4133.50   1.64445E-04
 4135.00   1.66820E-04
 4136.50   1.69157E-04
 4138.00   1.71441E-04
 4139.50   1.73672E-04
 4141.00   1.75814E-04
 4142.50   1.77875E-04
 4144.00   1.79843E-04
 4145.50   1.81716E-04
 4147.00   1.83473E-04
 4148.50   1.85127E-04
 4150.00   1.86676E-04
 4151.50   1.88145E-04
 4153.00   1.89499E-04
 4154.50   1.90764E-04
 4156.00   1.91938E-04
 4157.50   1.93024E-04
 4159.00   1.94042E-04
 4160.50   1.94980E-04
 4162.00   1.95851E-04
 4163.50   1.96656E-04
 4165.00   1.97405E-04
 4166.50   1.98096E-04
 4168.00   1.98737E-04
 4169.50   1.99332E-04
 4171.00   1.99874E-04
 4172.50   2.00385E-04
 4174.00   2.00859E-04
 4175.50   2.01276E-04
 4177.00   2.01687E-04
 4178.50   2.02057E-04
 4180.00   2.02396E-04
 4181.50   2.02711E-04
 4183.00   2.03004E-04
 4184.50   2.03268E-04
 4186.00   2.03529E-04
 4187.50   2.03749E-04
 4189.00   2.03956E-04
 4190.50   2.04152E-04
 4192.00   2.04323E-04
 4193.50   2.04484E-04
 4195.00   2.04624E-04
 4196.50   2.04761E-04
 4198.00   2.04878E-04
 4199.50   2.04981E-04
 4201.00   2.05070E-04
 4202.50   2.05159E-04
 4204.00   2.05232E-04
 4205.50   2.05280E-04
 4207.00   2.05331E-04
 4208.50   2.05370E-04
 4210.00   2.05388E-04
 4211.50   2.05412E-04
 4213.00   2.05418E-04
 4214.50   2.05413E-04
 4216.00   2.05401E-04
 4217.50   2.05366E-04
 4219.00   2.05339E-04
 4220.50   2.05281E-04
 4222.00   2.05227E-04
 4223.50   2.05155E-04
 4225.00   2.05082E-04
 4226.50   2.04968E-04
 4228.00   2.04871E-04
 4229.50   2.04755E-04
 4231.00   2.04618E-04
 4232.50   2.04479E-04
 4234.00   2.04308E-04
 4235.50   2.04132E-04
 4237.00   2.03941E-04
 4238.50   2.03725E-04
 4240.00   2.03510E-04
 4241.50   2.03262E-04
 4243.00   2.02988E-04
 4244.50   2.02699E-04
 4246.00   2.02394E-04
 4247.50   2.02059E-04
 4249.00   2.01699E-04
 4250.50   2.01308E-04
 4252.00   2.00894E-04
 4253.50   2.00464E-04
 4255.00   1.99989E-04
 4256.50   1.99486E-04
 4258.00   1.98940E-04
 4259.50   1.98367E-04
 4261.00   1.97742E-04
 4262.50   1.97094E-04
 4264.00   1.96397E-04
 4265.50   1.95658E-04
 4267.00   1.94864E-04
 4268.50   1.94040E-04
 4270.00   1.93159E-04
 4271.50   1.92223E-04
 4273.00   1.91239E-04
 4274.50   1.90194E-04
 4276.00   1.89095E-04
 4277.50   1.87954E-04
 4279.00   1.86740E-04
 4280.50   1.85486E-04
 4282.00   1.84168E-04
 4283.50   1.82815E-04
 4285.00   1.81399E-04
 4286.50   1.79943E-04
 4288.00   1.78441E-04
 4289.50   1.76899E-04
 4291.00   1.75325E-04
 4292.50   1.73720E-04
 4294.00   1.72083E-04
 4295.50   1.70408E-04
 4297.00   1.68695E-04
 4298.50   1.66939E-04
 4300.00   1.65157E-04
 4301.50   1.63333E-04
 4303.00   1.61465E-04
 4304.50   1.59538E-04
 4306.00   1.57541E-04
 4307.50   1.55500E-04
 4309.00   1.53369E-04
 4310.50   1.51171E-04
 4312.00   1.48891E-04
 4313.50   1.46533E-04
 4315.00   1.44094E-04
 4316.50   1.41614E-04
 4318.00   1.39047E-04
 4319.50   1.36430E-04
 4321.00   1.33729E-04
 4322.50   1.30984E-04
 4324.00   1.28147E-04
 4325.50   1.25225E-04
 4327.00   1.22208E-04
 4328.50   1.19082E-04
 4330.00   1.15843E-04
 4331.50   1.12474E-04
 4333.00   1.08948E-04
 4334.50   1.05230E-04
 4336.00   1.01221E-04
 4337.50   9.66840E-05
 4339.00   9.10532E-05
 4340.50   8.11258E-05
 4342.00   9.14054E-05
 4343.50   9.69207E-05
 4345.00   1.01395E-04
 4346.50   1.05365E-04
 4348.00   1.09038E-04
 4349.50   1.12515E-04
 4351.00   1.15840E-04
 4352.50   1.19026E-04
 4354.00   1.22098E-04
 4355.50   1.25056E-04
 4357.00   1.27913E-04
 4358.50   1.30676E-04
 4360.00   1.33364E-04
 4361.50   1.35969E-04
 4363.00   1.38521E-04
 4364.50   1.40989E-04
 4366.00   1.43398E-04
 4367.50   1.45733E-04
 4369.00   1.47997E-04
 4370.50   1.50177E-04
 4372.00   1.52276E-04
 4373.50   1.54300E-04
 4375.00   1.56245E-04
 4376.50   1.58123E-04
 4378.00   1.59947E-04
 4379.50   1.61709E-04
 4381.00   1.63426E-04
 4382.50   1.65094E-04
 4384.00   1.66732E-04
 4385.50   1.68321E-04
 4387.00   1.69886E-04
 4388.50   1.71405E-04
 4390.00   1.72913E-04
 4391.50   1.74372E-04
 4393.00   1.75790E-04
 4394.50   1.77173E-04
 4396.00   1.78510E-04
 4397.50   1.79808E-04
 4399.00   1.81059E-04
 4400.50   1.82259E-04
 4402.00   1.83415E-04
 4403.50   1.84500E-04
 4405.00   1.85534E-04
 4406.50   1.86536E-04
 4408.00   1.87477E-04
 4409.50   1.88365E-04
 4411.00   1.89207E-04
 4412.50   1.89991E-04
 4414.00   1.90740E-04
 4415.50   1.91430E-04
 4417.00   1.92090E-04
 4418.50   1.92716E-04
 4420.00   1.93284E-04
 4421.50   1.93835E-04
 4423.00   1.94335E-04
 4424.50   1.94804E-04
 4426.00   1.95246E-04
 4427.50   1.95645E-04
 4429.00   1.96033E-04
 4430.50   1.96385E-04
 4432.00   1.96719E-04
 4433.50   1.97015E-04
 4435.00   1.97306E-04
 4436.50   1.97573E-04
 4438.00   1.97817E-04
 4439.50   1.98033E-04
 4441.00   1.98234E-04
 4442.50   1.98426E-04
 4444.00   1.98601E-04
 4445.50   1.98771E-04
 4447.00   1.98904E-04
 4448.50   1.99042E-04
 4450.00   1.99176E-04
 4451.50   1.99277E-04
 4453.00   1.99384E-04
 4454.50   1.99479E-04
 4456.00   1.99556E-04
 4457.50   1.99641E-04
 4459.00   1.99702E-04
 4460.50   1.99756E-04
 4462.00   1.99808E-04
 4463.50   1.99856E-04
 4465.00   1.99892E-04
 4466.50   1.99932E-04
 4468.00   1.99954E-04
 4469.50   1.99971E-04
 4471.00   2.00005E-04
 4472.50   2.00013E-04
 4474.00   2.00023E-04
 4475.50   2.00032E-04
 4477.00   2.00028E-04
 4478.50   2.00034E-04
 4480.00   2.00023E-04
 4481.50   2.00008E-04
 4483.00   2.00007E-04
 4484.50   1.99989E-04
 4486.00   1.99981E-04
 4487.50   1.99957E-04
 4489.00   1.99944E-04
 4490.50   1.99909E-04
 4492.00   1.99882E-04
 4493.50   1.99856E-04
 4495.00   1.99827E-04
 4496.50   1.99793E-04
 4498.00   1.99767E-04
 4499.50   1.99724E-04
 4501.00   1.99689E-04
 4502.50   1.99663E-04
 4504.00   1.99615E-04
 4505.50   1.99581E-04
 4507.00   1.99532E-04
 4508.50   1.99478E-04
 4510.00   1.99447E-04
 4511.50   1.99397E-04
 4513.00   1.99353E-04
 4514.50   1.99298E-04
 4516.00   1.99250E-04
 4517.50   1.99194E-04
 4519.00   1.99136E-04
 4520.50   1.99092E-04
 4522.00   1.99035E-04
 4523.50   1.98987E-04
 4524.00   1.98966E-04
 4534.00   1.98569E-04
 4544.00   1.98136E-04
 4554.00   1.97693E-04
 4564.00   1.97214E-04
 4574.00   1.96716E-04
 4584.00   1.96202E-04
 4594.00   1.95667E-04
 4600.00   1.95339E-04
 4605.00   1.95066E-04
 4611.32   1.94700E-04
 4621.32   1.94116E-04
 4631.32   1.93485E-04
 4641.32   1.92838E-04
 4651.32   1.92157E-04
 4661.32   1.91412E-04
 4671.32   1.90633E-04
 4681.32   1.89754E-04
 4691.32   1.88791E-04
 4701.30   1.87691E-04
 4711.32   1.86424E-04
 4721.32   1.84929E-04
 4731.32   1.83181E-04
 4741.32   1.81143E-04
 4751.32   1.78760E-04
 4761.32   1.76002E-04
 4771.32   1.72748E-04
 4781.32   1.68814E-04
 4791.32   1.63927E-04
 4801.30   1.57888E-04
 4811.32   1.50586E-04
 4821.32   1.42050E-04
 4831.32   1.31888E-04
 4841.32   1.19608E-04
 4846.32   1.12567E-04
 4851.32   1.04576E-04
 4853.32   1.00982E-04
 4855.32   9.70622E-05
 4857.32   9.25617E-05
 4859.30   8.63945E-05
 4859.52   8.54199E-05
 4859.72   8.44323E-05
 4859.92   8.33263E-05
 4860.12   8.20620E-05
 4860.32   8.05861E-05
 4860.42   7.97361E-05
 4860.52   7.87957E-05
 4860.62   7.77468E-05
 4860.72   7.65690E-05
 4860.80   7.55490E-05
 4860.92   7.39314E-05
 4861.02   7.26598E-05
 4861.12   7.16993E-05
 4861.22   7.11911E-05
 4861.32   7.10622E-05
 4861.42   7.11435E-05
 4861.52   7.15585E-05
 4861.62   7.24337E-05
 4861.72   7.36606E-05
 4861.80   7.47435E-05
 4861.92   7.63158E-05
 4862.02   7.75151E-05
 4862.12   7.85883E-05
 4862.22   7.95466E-05
 4862.32   8.04129E-05
 4862.52   8.19130E-05
 4862.72   8.31916E-05
 4862.92   8.43088E-05
 4863.12   8.53040E-05
 4863.30   8.61143E-05
 4865.32   9.24518E-05
 4867.32   9.69128E-05
 4869.32   1.00789E-04
 4871.32   1.04331E-04
 4876.32   1.12154E-04
 4881.32   1.18992E-04
 4891.32   1.30732E-04
 4901.32   1.40200E-04
 4911.32   1.47874E-04
 4921.30   1.54160E-04
 4931.32   1.59141E-04
 4941.32   1.62861E-04
 4951.32   1.65600E-04
 4961.32   1.67635E-04
 4971.32   1.69169E-04
 4981.32   1.70287E-04
 4991.32   1.71104E-04
 5001.32   1.71641E-04
 5011.32   1.71918E-04
 5021.30   1.72025E-04
 5031.32   1.71975E-04
 5041.32   1.71836E-04
 5051.32   1.71602E-04
 5061.32   1.71329E-04
 5071.32   1.70982E-04
 5081.32   1.70631E-04
 5091.32   1.70238E-04
 5101.32   1.69848E-04
 5111.32   1.69426E-04
 5121.30   1.68993E-04
 5131.32   1.68570E-04
 5141.32   1.68135E-04
 5151.32   1.67697E-04
 5161.32   1.67247E-04
 5171.32   1.66813E-04
 5181.32   1.66359E-04
 5191.32   1.65915E-04
 5201.32   1.65468E-04
 5211.32   1.65020E-04
 5221.30   1.64562E-04
 5231.32   1.64118E-04
 5241.32   1.63673E-04
 5251.32   1.63224E-04
 5261.32   1.62780E-04
 5271.32   1.62334E-04
 5281.32   1.61884E-04
 5291.32   1.61443E-04
 5301.32   1.60995E-04
 5311.32   1.60547E-04
 5321.30   1.60112E-04
 5331.32   1.59663E-04
 5341.32   1.59233E-04
 5351.32   1.58792E-04
 5361.32   1.58361E-04
 5371.32   1.57981E-04
 5381.32   1.57543E-04
 5391.32   1.57109E-04
 5401.32   1.56672E-04
 5411.32   1.56244E-04
 5421.30   1.55807E-04
 5431.32   1.55381E-04
 5441.32   1.54955E-04
 5451.32   1.54529E-04
 5461.32   1.54095E-04
 5471.32   1.53683E-04
 5481.32   1.53256E-04
 5491.32   1.52839E-04
 5501.32   1.52424E-04
 5511.32   1.52008E-04
 5521.30   1.51594E-04
 5531.32   1.51180E-04
 5541.32   1.50769E-04
 5551.32   1.50361E-04
 5561.32   1.49954E-04
 5571.32   1.49535E-04
 5581.32   1.49138E-04
 5591.32   1.48731E-04
 5601.32   1.48328E-04
 5611.32   1.47940E-04
 5621.30   1.47537E-04
 5631.32   1.47128E-04
 5641.32   1.46742E-04
 5651.32   1.46352E-04
 5661.32   1.45963E-04
 5671.32   1.45575E-04
 5681.32   1.45184E-04
 5691.32   1.44796E-04
 5701.32   1.44408E-04
 5711.32   1.44031E-04
 5721.30   1.43635E-04
 5731.32   1.43264E-04
 5741.32   1.42879E-04
 5751.32   1.42506E-04
 5761.32   1.42120E-04
 5771.32   1.41744E-04
 5781.32   1.41368E-04
 5791.32   1.40988E-04
 5801.32   1.40629E-04
 5811.32   1.40258E-04
 5821.30   1.39881E-04
 5831.32   1.39524E-04
 5841.32   1.39158E-04
 5851.32   1.38798E-04
 5861.32   1.38437E-04
 5871.32   1.38071E-04
 5881.32   1.37716E-04
 5891.32   1.37350E-04
 5901.32   1.36992E-04
 5911.32   1.36644E-04
 5921.30   1.36287E-04
 5931.32   1.35929E-04
 5941.32   1.35584E-04
 5951.32   1.35226E-04
 5961.32   1.34893E-04
 5971.32   1.34537E-04
 5981.32   1.34197E-04
 5991.32   1.33840E-04
 6001.32   1.33506E-04
 6011.32   1.33158E-04
 6021.30   1.32816E-04
 6031.32   1.32477E-04
 6041.32   1.32149E-04
 6051.32   1.31808E-04
 6061.32   1.31468E-04
 6071.32   1.30987E-04
 6081.32   1.30639E-04
 6091.32   1.30308E-04
 6101.32   1.29956E-04
 6111.32   1.29612E-04
 6121.30   1.29279E-04
 6131.32   1.28931E-04
 6141.32   1.28575E-04
 6151.32   1.28229E-04
 6161.32   1.27894E-04
 6171.32   1.27549E-04
 6181.32   1.27200E-04
 6191.32   1.26851E-04
 6201.32   1.26493E-04
 6211.32   1.26135E-04
 6221.30   1.25781E-04
 6231.32   1.25411E-04
 6241.32   1.25048E-04
 6251.32   1.24686E-04
 6261.32   1.24311E-04
 6271.32   1.23944E-04
 6281.32   1.23563E-04
 6291.32   1.23176E-04
 6301.32   1.22793E-04
 6311.32   1.22394E-04
 6312.80   1.22342E-04
 6322.80   1.21933E-04
 6332.80   1.21517E-04
 6342.80   1.21085E-04
 6352.80   1.20645E-04
 6362.80   1.20185E-04
 6372.80   1.19696E-04
 6382.80   1.19178E-04
 6392.80   1.18613E-04
 6402.80   1.18018E-04
 6412.80   1.17349E-04
 6422.80   1.16597E-04
 6432.80   1.15741E-04
 6442.80   1.14761E-04
 6452.80   1.13622E-04
 6462.80   1.12285E-04
 6472.80   1.10714E-04
 6482.80   1.08864E-04
 6492.80   1.06689E-04
 6502.80   1.04104E-04
 6512.80   1.00981E-04
 6522.80   9.71769E-05
 6532.80   9.25614E-05
 6542.80   8.68847E-05
 6547.80   8.34851E-05
 6552.80   7.95258E-05
 6554.80   7.77011E-05
 6556.80   7.56473E-05
 6558.80   7.30846E-05
 6560.80   6.89317E-05
 6561.00   6.82901E-05
 6561.20   6.75652E-05
 6561.40   6.67314E-05
 6561.60   6.57448E-05
 6561.80   6.45335E-05
 6561.90   6.37993E-05
 6562.00   6.29363E-05
 6562.10   6.18848E-05
 6562.20   6.05914E-05
 6562.30   5.90738E-05
 6562.40   5.73993E-05
 6562.50   5.57768E-05
 6562.60   5.45032E-05
 6562.70   5.34582E-05
 6562.80   5.30343E-05
 6562.90   5.33487E-05
 6563.00   5.42653E-05
 6563.10   5.54927E-05
 6563.20   5.70532E-05
 6563.30   5.87407E-05
 6563.40   6.02957E-05
 6563.50   6.16359E-05
 6563.60   6.27322E-05
 6563.70   6.36271E-05
 6563.80   6.43803E-05
 6564.00   6.56167E-05
 6564.20   6.66175E-05
 6564.40   6.74609E-05
 6564.60   6.81920E-05
 6564.80   6.88356E-05
 6566.80   7.29763E-05
 6568.80   7.55035E-05
 6570.80   7.75117E-05
 6572.80   7.92860E-05
 6577.80   8.31098E-05
 6582.80   8.63557E-05
 6592.80   9.16773E-05
 6602.80   9.58833E-05
 6612.80   9.92239E-05
 6622.80   1.01840E-04
 6632.80   1.03887E-04
 6642.80   1.05493E-04
 6652.80   1.06751E-04
 6662.80   1.07716E-04
 6672.80   1.08440E-04
 6682.80   1.08965E-04
 6692.80   1.09331E-04
 6702.80   1.09574E-04
 6712.80   1.09722E-04
 6722.80   1.09787E-04
 6732.80   1.09799E-04
 6742.80   1.09761E-04
 6752.80   1.09692E-04
 6762.80   1.09589E-04
 6772.80   1.09464E-04
 6782.80   1.09325E-04
 6792.80   1.09172E-04
 6802.80   1.09008E-04
 6812.80   1.08828E-04
 6822.80   1.08644E-04
 6832.80   1.08455E-04
 6842.80   1.08257E-04
 6852.80   1.08060E-04
 6862.80   1.07853E-04
 6872.80   1.07645E-04
 6882.80   1.07435E-04
 6892.80   1.07222E-04
 6950.00   1.05959E-04
 7000.00   1.04821E-04
 7050.00   1.03670E-04
 7100.00   1.02574E-04
 7150.00   1.01431E-04
 7200.00   1.00311E-04
 7250.00   9.92060E-05
 7300.02   9.81229E-05
 7400.00   9.60062E-05
 7500.00   9.39569E-05
 7600.00   9.19759E-05
 7700.00   9.00582E-05
 7800.00   8.81985E-05
 7900.00   8.63978E-05
 8000.00   8.46512E-05
 8100.00   8.29576E-05
 8200.91   8.13015E-05
 8201.11   8.13147E-05
 8220.00   8.10091E-05
 8270.00   8.02108E-05
 8320.00   7.94244E-05
 8370.00   7.86451E-05
 8420.00   7.78801E-05
 8470.00   7.71270E-05
 8520.00   7.63820E-05
 8570.00   7.56502E-05
 8620.00   7.49107E-05
 8670.00   7.41883E-05
 8720.00   7.34668E-05
 8770.00   7.27381E-05
 8820.00   7.20851E-05
 8870.00   7.14238E-05
 8920.00   7.08563E-05
 8970.00   7.01571E-05
 9020.00   6.93878E-05
 9070.00   6.89655E-05
 9120.00   6.84112E-05
 9170.00   6.75931E-05
 9220.00   6.65020E-05
 9270.00   6.64798E-05
 9320.00   6.64539E-05
 9342.99   6.63180E-05
 9370.00   6.60628E-05
 9382.99   6.59016E-05
 9402.99   6.56030E-05
 9420.00   6.52983E-05
 9422.99   6.52395E-05
 9442.99   6.47992E-05
 9452.99   6.45470E-05
 9470.00   6.40633E-05
 9472.99   6.39698E-05
 9492.99   6.32882E-05
 9512.99   6.24996E-05
 9520.00   6.22031E-05
 9527.99   6.18490E-05
 9534.99   6.15316E-05
 9538.99   6.13514E-05
 9541.19   6.12557E-05
 9541.59   6.12375E-05
 9541.99   6.12219E-05
 9542.19   6.12128E-05
 9542.39   6.12050E-05
 9542.59   6.11969E-05
 9542.79   6.11899E-05
 9543.19   6.11737E-05
 9543.39   6.11657E-05
 9543.59   6.11582E-05
 9543.79   6.11513E-05
 9543.99   6.11443E-05
 9544.39   6.11302E-05
 9544.79   6.11154E-05
 9546.99   6.10962E-05
 9550.99   6.10958E-05
 9557.99   6.13008E-05
 9570.00   6.16534E-05
 9572.99   6.17379E-05
 9592.99   6.22403E-05
 9612.99   6.26333E-05
 9620.00   6.27464E-05
 9632.99   6.29197E-05
 9642.99   6.30261E-05
 9662.99   6.31734E-05
 9670.00   6.32050E-05
 9682.99   6.32429E-05
 9702.99   6.32488E-05
 9720.00   6.32104E-05
 9742.99   6.31208E-05
 9770.00   6.29143E-05
 9820.00   6.23216E-05
 9846.24   6.18903E-05
 9870.00   6.14077E-05
 9886.24   6.10184E-05
 9906.24   6.04553E-05
 9920.00   6.00034E-05
 9926.24   5.97800E-05
 9946.24   5.89690E-05
 9956.24   5.85055E-05
 9970.00   5.78019E-05
 9976.24   5.74573E-05
 9996.24   5.62151E-05
10016.24   5.47527E-05
10020.00   5.44567E-05
10031.24   5.35525E-05
10038.24   5.29964E-05
10042.24   5.27185E-05
10044.44   5.25949E-05
10044.84   5.25765E-05
10045.24   5.25584E-05
10045.44   5.25505E-05
10045.64   5.25437E-05
10045.84   5.25357E-05
10046.04   5.25440E-05
10046.44   5.25326E-05
10046.64   5.25282E-05
10046.84   5.25247E-05
10047.04   5.25225E-05
10047.24   5.25207E-05
10047.64   5.25205E-05
10048.04   5.25265E-05
10050.24   5.25346E-05
10054.24   5.25357E-05
10061.24   5.28950E-05
10070.00   5.34683E-05
10076.24   5.38793E-05
10096.24   5.50921E-05
10116.24   5.60835E-05
10120.00   5.62423E-05
10136.24   5.68543E-05
10146.24   5.71752E-05
10166.24   5.76968E-05
10170.00   5.77790E-05
10186.24   5.80761E-05
10206.24   5.83405E-05
10220.00   5.84673E-05
10246.24   5.86136E-05
10270.00   5.86622E-05
10320.00   5.85862E-05
10370.00   5.83627E-05
10420.00   5.80549E-05
10470.00   5.73842E-05
10520.00   5.69021E-05
10570.00   5.64722E-05
10620.00   5.58226E-05
10670.00   5.50584E-05
10720.00   5.41025E-05
10734.68   5.37681E-05
10770.00   5.28212E-05
10774.68   5.26784E-05
10794.68   5.20058E-05
10814.68   5.12213E-05
10820.00   5.09897E-05
10834.68   5.02979E-05
10844.68   4.97767E-05
10864.68   4.85929E-05
10870.00   4.82436E-05
10884.68   4.71988E-05
10904.68   4.55526E-05
10919.68   4.40959E-05
10920.00   4.40626E-05
10926.68   4.33169E-05
10930.68   4.27825E-05
10932.88   4.24356E-05
10933.28   4.23651E-05
10933.68   4.22919E-05
10933.88   4.22530E-05
10934.08   4.22152E-05
10934.28   4.21762E-05
10934.48   4.21356E-05
10934.88   4.20534E-05
10935.08   4.20094E-05
10935.28   4.19645E-05
10935.48   4.19174E-05
10935.68   4.18706E-05
10936.08   4.17688E-05
10936.48   4.16599E-05
10938.68   4.13157E-05
10942.68   4.22717E-05
10949.68   4.32091E-05
10964.68   4.46102E-05
10970.00   4.50422E-05
10984.68   4.61018E-05
11004.68   4.72920E-05
11020.00   4.80421E-05
11024.68   4.82455E-05
11034.68   4.86406E-05
11054.68   4.92960E-05
11070.00   4.96884E-05
11074.68   4.97934E-05
11094.68   5.01616E-05
11120.00   5.04847E-05
11134.68   5.06140E-05
11170.00   5.07890E-05
11220.00   5.08125E-05
11270.00   5.06753E-05
11320.00   5.04458E-05
11370.00   5.01646E-05
11420.00   4.98523E-05
11470.00   4.96827E-05
11520.00   4.93083E-05
11570.00   4.89371E-05
11620.00   4.85692E-05
11670.00   4.82065E-05
11720.00   4.78473E-05
11770.00   4.74897E-05
11820.00   4.71380E-05
11870.00   4.67882E-05
11920.00   4.64430E-05
11970.00   4.61023E-05
12020.00   4.57638E-05
12070.00   4.54294E-05
12120.00   4.50984E-05
12170.00   4.47700E-05
12220.00   4.44472E-05
12270.00   4.41250E-05
12320.00   4.34976E-05
12370.00   4.31087E-05
12420.00   4.26939E-05
12470.00   4.22387E-05
12520.00   4.17196E-05
12570.00   4.10934E-05
12614.08   4.03989E-05
12620.00   4.02917E-05
12654.08   3.95903E-05
12670.00   3.92021E-05
12674.08   3.90964E-05
12694.08   3.85243E-05
12714.08   3.78590E-05
12720.00   3.76404E-05
12724.08   3.74827E-05
12744.08   3.66246E-05
12764.08   3.55955E-05
12770.00   3.52499E-05
12784.08   3.43241E-05
12799.08   3.31017E-05
12806.08   3.23322E-05
12810.08   3.17619E-05
12812.28   3.13756E-05
12812.68   3.13008E-05
12813.08   3.12229E-05
12813.28   3.11848E-05
12813.48   3.11453E-05
12813.68   3.11062E-05
12813.88   3.10673E-05
12814.28   3.09874E-05
12814.48   3.09475E-05
12814.68   3.09091E-05
12814.88   3.08727E-05
12815.08   3.08369E-05
12815.48   3.07798E-05
12815.88   3.07418E-05
12818.08   3.15008E-05
12820.00   3.07194E-05
12822.08   3.09914E-05
12829.08   3.21159E-05
12844.08   3.35093E-05
12864.08   3.47435E-05
12870.00   3.50423E-05
12884.08   3.56688E-05
12904.08   3.63936E-05
12914.08   3.66937E-05
12920.00   3.68544E-05
12934.08   3.71925E-05
12954.08   3.75798E-05
12970.00   3.78233E-05
12974.08   3.78773E-05
13014.08   3.82675E-05
13020.00   3.83059E-05
13070.00   3.84984E-05
13120.00   3.85151E-05
13170.00   3.84332E-05
13220.00   3.82916E-05
13270.00   3.81125E-05
13320.00   3.81008E-05
13370.00   3.78447E-05
13420.00   3.75901E-05
13470.00   3.73393E-05
13520.00   3.70918E-05
13570.00   3.68460E-05
13620.00   3.66016E-05
13670.00   3.63607E-05
13720.00   3.61218E-05
13770.00   3.58855E-05
13820.00   3.56512E-05
13870.00   3.54191E-05
13920.00   3.51904E-05
13970.00   3.49619E-05
14020.00   3.47377E-05
14070.00   3.45143E-05
14120.00   3.42928E-05
14170.00   3.40737E-05
14220.00   3.38575E-05
14270.00   3.36415E-05
14320.00   3.34303E-05
14370.00   3.32192E-05
14420.00   3.30108E-05
14470.00   3.28037E-05
14520.00   3.25997E-05
14579.50   3.23587E-05
14579.65   3.23711E-05
14620.00   3.22082E-05
14720.00   3.18110E-05
14820.00   3.14215E-05
14920.00   3.10394E-05
15020.00   3.06634E-05
15120.00   3.02936E-05
15220.00   2.99318E-05
15320.00   2.95764E-05
15420.00   2.92268E-05
15520.00   2.88828E-05
15620.00   2.85482E-05
15720.00   2.82171E-05
15820.00   2.78895E-05
15920.00   2.75687E-05
16020.00   2.72543E-05
16120.00   2.69463E-05
16220.00   2.66419E-05
16320.00   2.63409E-05
16420.00   2.60470E-05
16520.00   2.57669E-05
16620.00   2.54898E-05
16720.00   2.51910E-05
16820.00   2.48433E-05
16920.00   2.46617E-05
17020.00   2.44162E-05
17120.00   2.41534E-05
17220.00   2.38830E-05
17320.00   2.36071E-05
17420.00   2.33764E-05
17520.00   2.31759E-05
17620.00   2.29709E-05
17720.00   2.26890E-05
17820.00   2.24483E-05
17920.00   2.22048E-05
17968.39   2.20727E-05
18008.39   2.19620E-05
18020.00   2.19285E-05
18028.39   2.19031E-05
18048.39   2.18456E-05
18068.39   2.17875E-05
18078.39   2.17580E-05
18098.39   2.16982E-05
18118.39   2.16366E-05
18120.00   2.16318E-05
18138.39   2.15762E-05
18153.39   2.15308E-05
18160.39   2.15107E-05
18164.39   2.15000E-05
18166.59   2.14931E-05
18166.99   2.14923E-05
18167.39   2.14907E-05
18167.59   2.14904E-05
18167.79   2.14900E-05
18167.99   2.14894E-05
18168.20   2.14891E-05
18168.59   2.14881E-05
18168.79   2.14866E-05
18168.99   2.14871E-05
18169.20   2.14862E-05
18169.39   2.14860E-05
18169.79   2.14848E-05
18170.20   2.14833E-05
18172.39   2.14784E-05
18176.39   2.14705E-05
18183.39   2.14602E-05
18198.39   2.14429E-05
18218.39   2.14209E-05
18220.00   2.14192E-05
18238.39   2.14003E-05
18258.39   2.12487E-05
18268.39   2.12318E-05
18288.39   2.11941E-05
18308.39   2.11542E-05
18320.00   2.11299E-05
18328.39   2.11118E-05
18368.39   2.10159E-05
18420.00   2.08679E-05
18520.00   2.04598E-05
18545.17   2.03119E-05
18585.17   2.00166E-05
18605.17   1.98351E-05
18620.00   1.96825E-05
18625.17   1.96241E-05
18645.17   1.93812E-05
18655.17   1.92432E-05
18675.17   1.89361E-05
18695.17   1.85531E-05
18715.17   1.80839E-05
18720.00   1.79473E-05
18730.17   1.75742E-05
18737.17   1.72124E-05
18741.17   1.69274E-05
18743.37   1.67164E-05
18743.77   1.66724E-05
18744.17   1.66253E-05
18744.37   1.66016E-05
18744.57   1.65761E-05
18744.77   1.65501E-05
18744.97   1.65238E-05
18745.37   1.64699E-05
18745.57   1.64406E-05
18745.77   1.64098E-05
18745.97   1.63795E-05
18746.17   1.63472E-05
18746.57   1.62827E-05
18746.97   1.62121E-05
18749.17   1.56362E-05
18753.17   1.57535E-05
18760.17   1.68414E-05
18775.17   1.76369E-05
18795.17   1.81513E-05
18815.17   1.85094E-05
18820.00   1.85842E-05
18835.17   1.87904E-05
18845.17   1.89074E-05
18865.17   1.91055E-05
18885.17   1.92637E-05
18905.17   1.93914E-05
18920.00   1.94684E-05
18945.17   1.95701E-05
19020.00   1.95994E-05
19120.00   1.95124E-05
19220.00   1.93043E-05
19239.43   1.92546E-05
19279.43   1.92091E-05
19299.43   1.91430E-05
19319.43   1.90747E-05
19320.00   1.90724E-05
19339.43   1.90034E-05
19349.43   1.89691E-05
19369.43   1.88953E-05
19389.43   1.88214E-05
19409.43   1.87498E-05
19420.00   1.87131E-05
19424.43   1.86992E-05
19431.43   1.86766E-05
19435.43   1.86678E-05
19437.63   1.86630E-05
19438.03   1.86625E-05
19438.43   1.86603E-05
19438.63   1.86615E-05
19438.83   1.86596E-05
19439.03   1.86594E-05
19439.23   1.86602E-05
19439.63   1.86593E-05
19439.83   1.86581E-05
19440.03   1.86575E-05
19440.23   1.86575E-05
19440.43   1.86580E-05
19440.83   1.86565E-05
19441.23   1.86561E-05
19443.43   1.86549E-05
19447.43   1.86478E-05
19454.43   1.86348E-05
19469.43   1.86277E-05
19489.43   1.86305E-05
19509.43   1.86342E-05
19520.00   1.86377E-05
19529.43   1.86391E-05
19539.43   1.86418E-05
19559.43   1.86454E-05
19579.43   1.86444E-05
19599.43   1.86431E-05
19620.00   1.86389E-05
19639.43   1.86344E-05
19720.00   1.85922E-05
19820.00   1.85045E-05
19920.00   1.83896E-05
20020.00   1.83465E-05
20120.00   1.81799E-05
20220.00   1.80159E-05
20320.00   1.78540E-05
20420.00   1.76940E-05
20520.00   1.75349E-05
20620.00   1.73786E-05
20720.00   1.72232E-05
20820.00   1.70705E-05
20920.00   1.69198E-05
21020.00   1.67704E-05
21120.00   1.66248E-05
21220.00   1.62456E-05
21320.00   1.59980E-05
21420.00   1.56987E-05
21448.46   1.55999E-05
21488.46   1.54481E-05
21508.46   1.53654E-05
21520.00   1.53154E-05
21528.46   1.52784E-05
21548.46   1.51863E-05
21558.46   1.51384E-05
21578.46   1.50384E-05
21598.46   1.49298E-05
21618.46   1.48051E-05
21620.00   1.47946E-05
21633.46   1.46945E-05
21640.46   1.46318E-05
21644.46   1.45931E-05
21646.66   1.45693E-05
21647.06   1.45647E-05
21647.46   1.45603E-05
21647.66   1.45587E-05
21647.86   1.45550E-05
21648.06   1.45537E-05
21648.26   1.45519E-05
21648.66   1.45459E-05
21648.86   1.45450E-05
21649.06   1.45427E-05
21649.26   1.45393E-05
21649.46   1.45377E-05
21649.86   1.45324E-05
21650.26   1.45275E-05
21652.46   1.44993E-05
21656.46   1.44810E-05
21663.46   1.45508E-05
21678.46   1.46548E-05
21698.46   1.47488E-05
21718.46   1.48159E-05
21720.00   1.48205E-05
21738.46   1.48726E-05
21748.46   1.48970E-05
21768.46   1.49417E-05
21788.46   1.49810E-05
21808.46   1.50150E-05
21820.00   1.50312E-05
21848.46   1.50674E-05
21920.00   1.51180E-05
22020.00   1.51245E-05
22120.00   1.50798E-05
22220.00   1.51201E-05
22320.00   1.49920E-05
22420.00   1.48674E-05
22520.00   1.47432E-05
22620.00   1.46213E-05
22720.00   1.45000E-05
22780.41   1.44286E-05
22780.76   1.44475E-05
23500.00   1.36199E-05
25000.00   1.21078E-05
27500.00   1.00926E-05
30000.00   8.56232E-06
32500.00   7.35292E-06
35000.00   6.39136E-06
37500.00   5.58963E-06
40000.00   4.92953E-06
42500.00   4.37954E-06
45000.00   3.93021E-06
47500.00   3.53476E-06
50000.00   3.19594E-06
55000.00   2.65040E-06
60000.00   2.23720E-06
65000.00   1.91021E-06
70000.00   1.64991E-06
75000.00   1.44059E-06
80000.00   1.26749E-06
85000.00   1.12379E-06
90000.00   1.00306E-06
95000.00   9.01262E-07
