 1000.00   4.52454E-07
 1000.93   4.49444E-07
 1001.86   4.34876E-07
 1002.79   4.14951E-07
 1003.72   3.91619E-07
 1004.65   3.67030E-07
 1005.58   3.42164E-07
 1006.51   3.17357E-07
 1007.44   2.93445E-07
 1008.37   2.71735E-07
 1009.30   2.50057E-07
 1010.23   2.29719E-07
 1011.16   2.10899E-07
 1012.09   1.93097E-07
 1013.02   1.76973E-07
 1013.95   1.62183E-07
 1014.88   1.48343E-07
 1015.81   1.35892E-07
 1016.74   1.25183E-07
 1017.67   1.15377E-07
 1018.60   1.05859E-07
 1019.53   9.69229E-08
 1020.47   8.80465E-08
 1021.40   7.89796E-08
 1022.33   6.99982E-08
 1023.26   5.99158E-08
 1024.19   4.86222E-08
 1025.12   3.03849E-08
 1026.05   1.95885E-08
 1026.98   4.59322E-08
 1027.91   6.01027E-08
 1028.84   7.16345E-08
 1029.77   8.20810E-08
 1030.70   9.20878E-08
 1031.63   1.03671E-07
 1032.56   1.16923E-07
 1033.49   1.27717E-07
 1034.42   1.38023E-07
 1035.35   1.45639E-07
 1036.28   1.59168E-07
 1037.21   1.82595E-07
 1038.14   2.16619E-07
 1039.07   2.51136E-07
 1040.00   2.85505E-07
 1040.93   3.15893E-07
 1041.86   3.50467E-07
 1042.79   3.83532E-07
 1043.72   4.23392E-07
 1044.69   4.58628E-07
 1045.66   5.13236E-07
 1046.63   5.54578E-07
 1047.60   6.02590E-07
 1048.58   6.63751E-07
 1049.55   7.30486E-07
 1050.52   7.93223E-07
 1051.49   8.68020E-07
 1052.46   9.40594E-07
 1053.43   9.57832E-07
 1054.40   9.58737E-07
 1055.37   9.57318E-07
 1056.34   9.55801E-07
 1057.31   9.48943E-07
 1058.28   9.13939E-07
 1059.26   8.84603E-07
 1060.23   9.06556E-07
 1061.20   9.82514E-07
 1062.17   1.17006E-06
 1063.14   1.51863E-06
 1064.11   1.97968E-06
 1065.08   2.55289E-06
 1066.05   3.36558E-06
 1067.02   4.16945E-06
 1067.99   4.44229E-06
 1068.96   4.53372E-06
 1069.94   4.56784E-06
 1070.91   4.17939E-06
 1071.88   3.50962E-06
 1072.85   3.03072E-06
 1073.82   2.77560E-06
 1074.79   2.51551E-06
 1075.76   2.21178E-06
 1076.73   2.02445E-06
 1077.70   2.04342E-06
 1078.67   2.40818E-06
 1079.64   3.30775E-06
 1080.62   5.13794E-06
 1081.59   8.21795E-06
 1082.56   1.17417E-05
 1083.53   1.57962E-05
 1084.50   1.95564E-05
 1085.47   2.26629E-05
 1086.44   2.54733E-05
 1087.41   2.80877E-05
 1088.38   3.01571E-05
 1089.35   3.18623E-05
 1090.37   3.34789E-05
 1091.38   3.47223E-05
 1092.39   3.57408E-05
 1093.41   3.64753E-05
 1094.42   3.70436E-05
 1095.43   3.75189E-05
 1096.45   3.79039E-05
 1097.46   3.83509E-05
 1098.47   3.88173E-05
 1099.49   3.93991E-05
 1100.50   4.00008E-05
 1101.51   4.05772E-05
 1102.53   4.10419E-05
 1103.54   4.12517E-05
 1104.55   4.12699E-05
 1105.57   4.10188E-05
 1106.58   4.06688E-05
 1107.59   4.02255E-05
 1108.61   3.98618E-05
 1109.62   3.95450E-05
 1110.63   3.93360E-05
 1111.65   3.92559E-05
 1112.66   3.91948E-05
 1113.67   3.91512E-05
 1114.69   3.90601E-05
 1115.70   3.89052E-05
 1116.71   3.86483E-05
 1117.73   3.82732E-05
 1118.74   3.78853E-05
 1119.75   3.75568E-05
 1120.77   3.73223E-05
 1121.78   3.72717E-05
 1122.79   3.73333E-05
 1123.81   3.74071E-05
 1124.82   3.73186E-05
 1125.83   3.70325E-05
 1126.85   3.64567E-05
 1127.86   3.57431E-05
 1128.87   3.50281E-05
 1129.89   3.43986E-05
 1130.90   3.39331E-05
 1131.91   3.36241E-05
 1132.93   3.33435E-05
 1133.94   3.28686E-05
 1134.95   3.20479E-05
 1135.97   3.08634E-05
 1136.98   2.95236E-05
 1138.04   2.82141E-05
 1139.10   2.73062E-05
 1140.15   2.68552E-05
 1141.21   2.66765E-05
 1142.27   2.64611E-05
 1143.33   2.58387E-05
 1144.38   2.46361E-05
 1145.44   2.29600E-05
 1146.50   2.13009E-05
 1147.56   2.00079E-05
 1148.62   1.91068E-05
 1149.67   1.86588E-05
 1150.73   1.85393E-05
 1151.79   1.86432E-05
 1152.85   1.86927E-05
 1153.90   1.82889E-05
 1154.96   1.71876E-05
 1156.02   1.58383E-05
 1157.08   1.47531E-05
 1158.13   1.42542E-05
 1159.19   1.43304E-05
 1160.25   1.45797E-05
 1161.31   1.42602E-05
 1162.36   1.30811E-05
 1163.42   1.18806E-05
 1164.48   1.11526E-05
 1165.54   1.07226E-05
 1166.60   1.01763E-05
 1167.65   9.45666E-06
 1168.71   8.82201E-06
 1169.77   8.24837E-06
 1170.83   7.59096E-06
 1171.88   6.95726E-06
 1172.94   6.57059E-06
 1174.00   6.27888E-06
 1175.06   5.81316E-06
 1176.11   5.24034E-06
 1177.17   4.73143E-06
 1178.23   4.37393E-06
 1179.29   4.11643E-06
 1180.34   3.79478E-06
 1181.40   3.45336E-06
 1182.46   3.20989E-06
 1183.52   2.92576E-06
 1184.58   2.69515E-06
 1185.63   2.50301E-06
 1186.69   2.30250E-06
 1187.79   2.12061E-06
 1188.90   1.95533E-06
 1190.00   1.80300E-06
 1191.11   1.66800E-06
 1192.21   1.54152E-06
 1193.31   1.42346E-06
 1194.42   1.32083E-06
 1195.52   1.22492E-06
 1196.63   1.13372E-06
 1197.73   1.05391E-06
 1198.83   9.80383E-07
 1199.94   9.09426E-07
 1201.04   8.44740E-07
 1202.15   7.83549E-07
 1203.25   7.28839E-07
 1204.35   6.76965E-07
 1205.46   6.28978E-07
 1206.56   5.85750E-07
 1207.66   5.44307E-07
 1208.77   5.04308E-07
 1209.87   4.65081E-07
 1210.98   4.23783E-07
 1212.08   3.78537E-07
 1213.18   3.24591E-07
 1214.29   2.52743E-07
 1215.39   9.61454E-08
 1216.50   2.03337E-07
 1217.60   2.88900E-07
 1218.70   3.54829E-07
 1219.81   4.05352E-07
 1220.91   4.53069E-07
 1222.02   4.99968E-07
 1223.12   5.42472E-07
 1224.22   5.89302E-07
 1225.33   6.34429E-07
 1226.43   6.73847E-07
 1227.54   7.22401E-07
 1228.64   7.66747E-07
 1229.74   7.97952E-07
 1230.85   8.36732E-07
 1231.95   8.94220E-07
 1233.05   9.80595E-07
 1234.16   1.10032E-06
 1235.26   1.22761E-06
 1236.37   1.39468E-06
 1237.47   1.53855E-06
 1238.57   1.66920E-06
 1239.73   1.82119E-06
 1240.88   2.05329E-06
 1242.03   2.30305E-06
 1243.18   2.59568E-06
 1244.33   2.79038E-06
 1245.49   3.15846E-06
 1246.64   3.41610E-06
 1247.79   3.64441E-06
 1248.94   4.09918E-06
 1250.10   4.80301E-06
 1251.25   5.14646E-06
 1252.40   5.47899E-06
 1253.55   6.04738E-06
 1254.70   6.70331E-06
 1255.86   7.25397E-06
 1257.01   7.77902E-06
 1258.16   8.57185E-06
 1259.31   9.51962E-06
 1260.47   9.94197E-06
 1261.62   1.02124E-05
 1262.77   1.14951E-05
 1263.92   1.44485E-05
 1265.07   1.61318E-05
 1266.23   1.47829E-05
 1267.38   1.41479E-05
 1268.53   1.54351E-05
 1269.68   1.88293E-05
 1270.83   2.19198E-05
 1271.99   2.19845E-05
 1273.14   2.07740E-05
 1274.29   2.08026E-05
 1275.44   2.22804E-05
 1276.60   2.49120E-05
 1277.75   2.69753E-05
 1278.90   2.73979E-05
 1280.05   2.72538E-05
 1281.20   2.75766E-05
 1282.36   2.87175E-05
 1283.51   3.01725E-05
 1284.66   3.12908E-05
 1285.81   3.20479E-05
 1286.96   3.27299E-05
 1288.12   3.36913E-05
 1289.27   3.45771E-05
 1290.42   3.52133E-05
 1291.57   3.56278E-05
 1292.73   3.62004E-05
 1293.93   3.72152E-05
 1295.13   3.87109E-05
 1296.33   4.00617E-05
 1297.54   4.07778E-05
 1298.74   4.05980E-05
 1299.94   4.01400E-05
 1301.14   4.00635E-05
 1302.35   4.07837E-05
 1303.55   4.21570E-05
 1304.75   4.35841E-05
 1305.95   4.45992E-05
 1307.16   4.50353E-05
 1308.36   4.49870E-05
 1309.56   4.49903E-05
 1310.76   4.54816E-05
 1311.97   4.64837E-05
 1313.17   4.78652E-05
 1314.37   4.91294E-05
 1315.57   5.00635E-05
 1316.78   5.06800E-05
 1317.98   5.11858E-05
 1319.18   5.18867E-05
 1320.38   5.27760E-05
 1321.59   5.39168E-05
 1322.79   5.49781E-05
 1323.99   5.56772E-05
 1325.19   5.60581E-05
 1326.40   5.60964E-05
 1327.60   5.62285E-05
 1328.80   5.63246E-05
 1330.00   5.68673E-05
 1331.21   5.75560E-05
 1332.41   5.81994E-05
 1333.61   5.86725E-05
 1334.81   5.88127E-05
 1336.02   5.87684E-05
 1337.22   5.86869E-05
 1338.42   5.85499E-05
 1339.62   5.86121E-05
 1340.83   5.88322E-05
 1342.03   5.90994E-05
 1343.23   5.94515E-05
 1344.43   5.98479E-05
 1345.64   6.02991E-05
 1346.84   6.08282E-05
 1348.04   6.15498E-05
 1349.24   6.24302E-05
 1350.50   6.33161E-05
 1351.76   6.41351E-05
 1353.01   6.47273E-05
 1354.27   6.49475E-05
 1355.52   6.49711E-05
 1356.78   6.49656E-05
 1358.03   6.50596E-05
 1359.29   6.53648E-05
 1360.54   6.58194E-05
 1361.80   6.64152E-05
 1363.05   6.68455E-05
 1364.31   6.69999E-05
 1365.56   6.67509E-05
 1366.82   6.60692E-05
 1368.07   6.50746E-05
 1369.33   6.39428E-05
 1370.58   6.28379E-05
 1371.84   6.19019E-05
 1373.09   6.10984E-05
 1374.35   6.03771E-05
 1375.60   5.96513E-05
 1376.86   5.88350E-05
 1378.11   5.79923E-05
 1379.37   5.70294E-05
 1380.62   5.59875E-05
 1381.88   5.49592E-05
 1383.13   5.39474E-05
 1384.39   5.29037E-05
 1385.64   5.18983E-05
 1386.90   5.09681E-05
 1388.15   4.99139E-05
 1389.41   4.89822E-05
 1390.66   4.79588E-05
 1391.92   4.71143E-05
 1393.17   4.64768E-05
 1394.43   4.60765E-05
 1395.68   4.60638E-05
 1396.94   4.64651E-05
 1398.19   4.73090E-05
 1399.45   4.85831E-05
 1400.70   5.02980E-05
 1401.96   5.25056E-05
 1403.21   5.51629E-05
 1404.47   5.80086E-05
 1405.72   6.10509E-05
 1406.98   6.41613E-05
 1408.23   6.72134E-05
 1409.55   7.03086E-05
 1410.86   7.31956E-05
 1412.16   7.58172E-05
 1413.47   7.82747E-05
 1414.79   8.04851E-05
 1416.09   8.23092E-05
 1417.40   8.39217E-05
 1418.71   8.54289E-05
 1420.02   8.67197E-05
 1421.33   8.78333E-05
 1422.64   8.88909E-05
 1423.95   8.96210E-05
 1425.26   9.02562E-05
 1426.57   9.07328E-05
 1427.88   9.11442E-05
 1429.19   9.14838E-05
 1430.50   9.17370E-05
 1431.81   9.19794E-05
 1433.12   9.21654E-05
 1434.43   9.22935E-05
 1435.74   9.25106E-05
 1437.05   9.26591E-05
 1438.36   9.27812E-05
 1439.67   9.28924E-05
 1440.98   9.29864E-05
 1442.29   9.30767E-05
 1443.60   9.31518E-05
 1444.91   9.32219E-05
 1446.22   9.32790E-05
 1447.53   9.33347E-05
 1448.84   9.33833E-05
 1450.15   9.34279E-05
 1451.46   9.34696E-05
 1452.77   9.35001E-05
 1454.08   9.35315E-05
 1455.39   9.35583E-05
 1456.70   9.35832E-05
 1458.01   9.36002E-05
 1459.32   9.36169E-05
 1460.63   9.36383E-05
 1461.94   9.36546E-05
 1463.25   9.36688E-05
 1464.56   9.36865E-05
 1465.87   9.37096E-05
 1467.18   9.37319E-05
 1468.49   9.37602E-05
 1469.80   9.37884E-05
 1471.17   9.38245E-05
 1472.54   9.38652E-05
 1473.91   9.40749E-05
 1475.27   9.41173E-05
 1476.64   9.41561E-05
 1478.01   9.41997E-05
 1479.38   9.42375E-05
 1480.74   9.42816E-05
 1482.11   9.43206E-05
 1483.48   9.43580E-05
 1484.84   9.43955E-05
 1486.21   9.44258E-05
 1487.58   9.44530E-05
 1488.95   9.44728E-05
 1490.31   9.44901E-05
 1491.68   9.45104E-05
 1493.05   9.45268E-05
 1494.41   9.45427E-05
 1495.78   9.45531E-05
 1497.15   9.45622E-05
 1498.52   9.45710E-05
 1499.88   9.45810E-05
 1501.25   9.45899E-05
 1502.62   9.46003E-05
 1503.99   9.46129E-05
 1505.35   9.46220E-05
 1506.72   9.46357E-05
 1508.09   9.46458E-05
 1509.45   9.46551E-05
 1510.82   9.46630E-05
 1512.19   9.46677E-05
 1513.56   9.46682E-05
 1514.92   9.46648E-05
 1516.29   9.46600E-05
 1517.66   9.46428E-05
 1519.03   9.46250E-05
 1520.39   9.45958E-05
 1521.76   9.45622E-05
 1523.13   9.45275E-05
 1524.49   9.44820E-05
 1525.86   9.46462E-05
 1527.23   9.45882E-05
 1528.60   9.45236E-05
 1529.96   9.44565E-05
 1531.33   9.43848E-05
 1532.70   9.43168E-05
 1534.07   9.42342E-05
 1535.49   9.41566E-05
 1536.92   9.40776E-05
 1538.35   9.40035E-05
 1539.77   9.39267E-05
 1541.20   9.38530E-05
 1542.63   9.37873E-05
 1544.05   9.37211E-05
 1545.48   9.36552E-05
 1546.91   9.35982E-05
 1548.34   9.35403E-05
 1549.76   9.34868E-05
 1551.19   9.34285E-05
 1552.62   9.33756E-05
 1554.04   9.33202E-05
 1555.47   9.32640E-05
 1556.90   9.32098E-05
 1558.33   9.31508E-05
 1559.75   9.30879E-05
 1561.18   9.30235E-05
 1562.61   9.29592E-05
 1564.03   9.28916E-05
 1565.46   9.28200E-05
 1566.89   9.27426E-05
 1568.31   9.26643E-05
 1569.74   9.25803E-05
 1571.17   9.25012E-05
 1572.60   9.24184E-05
 1574.02   9.23339E-05
 1575.45   9.22505E-05
 1576.88   9.21671E-05
 1578.30   9.20920E-05
 1579.73   9.20202E-05
 1581.16   9.19535E-05
 1582.58   9.18899E-05
 1584.01   9.18348E-05
 1585.44   9.17878E-05
 1586.87   9.17502E-05
 1588.29   9.17169E-05
 1589.72   9.16978E-05
 1591.15   9.16856E-05
 1592.57   9.16834E-05
 1594.00   9.16943E-05
 1595.43   9.17135E-05
 1596.86   9.17419E-05
 1598.28   9.17792E-05
 1599.71   9.18315E-05
 1601.14   9.18838E-05
 1602.63   9.19570E-05
 1604.12   9.20310E-05
 1605.60   9.21158E-05
 1607.09   9.22072E-05
 1608.58   9.23032E-05
 1610.07   9.24083E-05
 1611.56   9.25182E-05
 1613.05   9.26302E-05
 1614.54   9.27422E-05
 1616.03   9.28548E-05
 1617.52   9.29690E-05
 1619.01   9.30885E-05
 1620.50   9.31974E-05
 1621.99   9.33108E-05
 1623.48   9.34220E-05
 1624.97   9.35258E-05
 1626.46   9.36339E-05
 1627.95   9.37347E-05
 1629.44   9.38338E-05
 1630.92   9.39281E-05
 1632.41   9.40124E-05
 1633.90   9.40986E-05
 1635.39   9.41811E-05
 1636.88   9.42579E-05
 1638.37   9.43309E-05
 1639.86   9.43947E-05
 1641.35   9.44567E-05
 1642.84   9.45180E-05
 1644.33   9.45685E-05
 1645.82   9.46136E-05
 1647.31   9.46579E-05
 1648.80   9.46999E-05
 1650.29   9.47320E-05
 1651.78   9.47619E-05
 1653.27   9.47945E-05
 1654.76   9.48161E-05
 1656.25   9.48394E-05
 1657.73   9.48585E-05
 1659.22   9.48753E-05
 1660.71   9.48913E-05
 1662.20   9.49018E-05
 1663.69   9.49088E-05
 1665.18   9.49149E-05
 1666.67   9.49240E-05
 1668.16   9.49272E-05
 1669.65   9.49307E-05
 1671.14   9.49310E-05
 1672.69   9.49297E-05
 1674.25   9.49241E-05
 1675.80   9.49212E-05
 1677.36   9.49189E-05
 1678.91   9.49127E-05
 1680.47   9.49016E-05
 1682.02   9.48975E-05
 1683.58   9.48894E-05
 1685.13   9.48806E-05
 1686.68   9.48685E-05
 1688.24   9.48599E-05
 1689.79   9.48481E-05
 1691.35   9.48382E-05
 1692.90   9.48291E-05
 1694.46   9.48164E-05
 1696.01   9.48029E-05
 1697.57   9.47897E-05
 1699.12   9.47806E-05
 1700.68   9.47700E-05
 1702.23   9.47573E-05
 1703.79   9.47436E-05
 1705.34   9.47292E-05
 1706.89   9.47163E-05
 1708.45   9.47021E-05
 1710.00   9.46873E-05
 1711.56   9.46738E-05
 1713.11   9.46599E-05
 1714.67   9.46447E-05
 1716.22   9.48652E-05
 1717.78   9.48467E-05
 1719.33   9.48275E-05
 1720.89   9.48135E-05
 1722.44   9.47930E-05
 1723.99   9.47785E-05
 1725.55   9.47619E-05
 1727.10   9.47645E-05
 1728.66   9.47477E-05
 1730.21   9.47243E-05
 1731.77   9.47089E-05
 1733.32   9.46934E-05
 1734.88   9.46695E-05
 1736.43   9.46540E-05
 1737.99   9.46335E-05
 1739.54   9.46186E-05
 1741.09   9.45945E-05
 1742.65   9.45791E-05
 1744.20   9.45589E-05
 1745.83   9.45428E-05
 1747.45   9.45197E-05
 1749.07   9.45038E-05
 1750.69   9.44833E-05
 1752.32   9.44650E-05
 1753.94   9.44445E-05
 1755.56   9.44287E-05
 1757.18   9.44061E-05
 1758.81   9.43893E-05
 1760.43   9.43696E-05
 1762.05   9.43514E-05
 1763.67   9.43307E-05
 1765.30   9.43149E-05
 1766.92   9.42931E-05
 1768.54   9.42765E-05
 1770.16   9.42561E-05
 1771.79   9.42379E-05
 1773.41   9.42183E-05
 1775.03   9.42011E-05
 1776.65   9.41846E-05
 1778.28   9.41638E-05
 1779.90   9.41470E-05
 1781.52   9.41267E-05
 1783.14   9.41095E-05
 1784.77   9.40891E-05
 1786.39   9.40721E-05
 1788.01   9.40555E-05
 1789.63   9.40348E-05
 1791.26   9.40185E-05
 1792.88   9.39975E-05
 1794.50   9.39815E-05
 1796.12   9.39599E-05
 1797.75   9.39444E-05
 1799.37   9.39275E-05
 1800.99   9.39071E-05
 1802.61   9.38897E-05
 1804.24   9.38739E-05
 1805.86   9.38534E-05
 1807.48   9.38363E-05
 1809.10   9.38160E-05
 1810.73   9.37996E-05
 1812.35   9.37835E-05
 1813.97   9.37628E-05
 1815.59   9.37464E-05
 1817.22   9.37303E-05
 1818.84   9.37098E-05
 1820.46   9.36924E-05
 1822.15   9.36766E-05
 1823.85   9.36555E-05
 1825.54   9.36382E-05
 1827.24   9.36165E-05
 1828.93   9.35999E-05
 1830.62   9.35795E-05
 1832.32   9.35612E-05
 1834.01   9.35412E-05
 1835.70   9.35239E-05
 1837.40   9.35026E-05
 1839.09   9.34860E-05
 1840.78   9.34653E-05
 1842.48   9.34483E-05
 1844.17   9.34267E-05
 1845.86   9.34103E-05
 1847.56   9.33887E-05
 1849.25   9.33727E-05
 1850.94   9.33551E-05
 1852.64   9.33347E-05
 1854.33   9.33179E-05
 1856.02   9.32974E-05
 1857.72   9.32792E-05
 1859.41   9.32638E-05
 1861.10   9.32429E-05
 1862.80   9.32263E-05
 1864.49   9.32043E-05
 1866.18   9.31891E-05
 1867.88   9.31723E-05
 1869.57   9.31517E-05
 1871.27   9.31344E-05
 1872.96   9.31142E-05
 1874.65   9.30981E-05
 1876.35   9.30810E-05
 1878.04   9.30604E-05
 1879.73   9.30436E-05
 1881.43   9.30271E-05
 1883.12   9.30070E-05
 1884.81   9.29915E-05
 1886.51   9.29743E-05
 1888.20   9.29536E-05
 1889.89   9.29376E-05
 1891.59   9.29207E-05
 1893.28   9.29004E-05
 1894.97   9.28843E-05
 1896.67   9.28669E-05
 1898.36   9.28521E-05
 1900.05   9.28317E-05
 1901.82   9.28141E-05
 1903.59   9.27983E-05
 1905.36   9.27770E-05
 1907.12   9.27609E-05
 1908.89   9.27398E-05
 1910.66   9.27237E-05
 1912.43   9.27058E-05
 1914.19   9.26873E-05
 1915.96   9.26700E-05
 1917.73   9.26537E-05
 1919.50   9.26326E-05
 1921.26   9.26166E-05
 1923.03   9.26000E-05
 1924.80   9.25789E-05
 1926.57   9.25636E-05
 1928.33   9.25462E-05
 1930.10   9.25264E-05
 1931.87   9.25095E-05
 1933.64   9.24935E-05
 1935.40   9.24736E-05
 1937.17   9.24566E-05
 1938.94   9.24403E-05
 1940.71   9.24233E-05
 1942.47   9.24035E-05
 1944.24   9.23874E-05
 1946.01   9.23721E-05
 1947.78   9.23513E-05
 1949.54   9.23353E-05
 1951.31   9.23186E-05
 1953.08   9.23020E-05
 1954.85   9.22824E-05
 1956.61   9.22661E-05
 1958.38   9.22491E-05
 1960.15   9.22345E-05
 1961.92   9.22137E-05
 1963.68   9.21976E-05
 1965.45   9.21816E-05
 1967.22   9.21655E-05
 1968.99   9.21465E-05
 1970.75   9.21305E-05
 1972.52   9.21131E-05
 1974.29   9.20963E-05
 1976.06   9.20801E-05
 1977.82   9.20625E-05
 1979.59   9.20456E-05
 1981.36   9.20286E-05
 1983.13   9.20119E-05
 1984.97   9.19950E-05
 1986.82   9.19773E-05
 1988.66   9.19601E-05
 1990.51   9.19421E-05
 1992.35   9.19253E-05
 1994.19   9.19083E-05
 1996.04   9.18904E-05
 1997.88   9.18737E-05
 1999.73   9.18562E-05
 2001.57   9.18382E-05
 2003.42   9.18222E-05
 2005.26   9.18038E-05
 2007.11   9.17864E-05
 2008.95   9.17702E-05
 2010.80   9.17532E-05
 2012.64   9.17356E-05
 2014.49   9.17189E-05
 2016.33   9.17019E-05
 2018.18   9.16845E-05
 2020.02   9.16680E-05
 2021.87   9.16504E-05
 2023.71   9.16337E-05
 2025.56   9.16183E-05
 2027.40   9.16014E-05
 2029.25   9.15840E-05
 2031.09   9.15672E-05
 2032.93   9.15503E-05
 2034.78   9.15333E-05
 2036.62   9.15164E-05
 2038.47   9.15003E-05
 2040.31   9.14837E-05
 2042.16   9.14667E-05
 2044.00   9.14500E-05
 2045.85   9.14337E-05
 2047.69   9.14169E-05
 2049.54   9.14001E-05
 2051.38   9.13831E-05
 2053.23   9.13686E-05
 2055.07   9.13518E-05
 2056.92   9.13355E-05
 2058.76   9.13187E-05
 2060.61   9.13033E-05
 2062.45   9.12854E-05
 2064.30   9.12696E-05
 2066.14   9.12531E-05
 2067.99   9.12364E-05
 2069.83   9.12212E-05
 2071.76   9.12034E-05
 2073.68   9.11860E-05
 2075.61   9.11698E-05
 2077.53   9.11523E-05
 2079.46   9.11355E-05
 2081.38   9.11183E-05
 2083.31   9.11028E-05
 2085.23   9.10858E-05
 2087.16   9.10686E-05
 2089.08   9.10519E-05
 2091.01   9.10349E-05
 2092.94   9.10179E-05
 2094.86   9.10022E-05
 2096.79   9.09847E-05
 2098.71   9.09686E-05
 2100.64   9.09510E-05
 2102.56   9.09355E-05
 2104.49   9.09187E-05
 2106.41   9.09024E-05
 2108.34   9.08856E-05
 2110.26   9.08697E-05
 2112.19   9.08532E-05
 2114.11   9.08358E-05
 2116.04   9.08193E-05
 2117.97   9.08035E-05
 2119.89   9.07870E-05
 2121.82   9.07705E-05
 2123.74   9.07539E-05
 2125.67   9.07387E-05
 2127.59   9.07219E-05
 2129.52   9.07058E-05
 2131.44   9.06895E-05
 2133.37   9.06721E-05
 2135.29   9.06566E-05
 2137.22   9.06404E-05
 2139.15   9.06244E-05
 2141.07   9.06080E-05
 2143.00   9.05919E-05
 2144.92   9.05765E-05
 2146.85   9.05601E-05
 2148.77   9.05435E-05
 2150.70   9.05269E-05
 2152.62   9.05108E-05
 2154.55   9.04955E-05
 2156.47   9.04801E-05
 2158.40   9.04639E-05
 2160.32   9.04476E-05
 2162.33   9.04320E-05
 2164.34   9.04154E-05
 2166.35   9.03984E-05
 2168.36   9.03818E-05
 2170.37   9.03649E-05
 2172.38   9.03491E-05
 2174.39   9.03314E-05
 2176.40   9.03152E-05
 2178.41   9.02982E-05
 2180.42   9.02823E-05
 2182.43   9.02655E-05
 2184.44   9.02492E-05
 2186.45   9.02344E-05
 2188.46   9.02172E-05
 2190.47   9.02013E-05
 2192.48   9.01842E-05
 2194.49   9.01675E-05
 2196.50   9.01518E-05
 2198.51   9.01355E-05
 2200.52   9.01190E-05
 2202.53   9.01025E-05
 2204.54   9.00867E-05
 2206.55   9.00706E-05
 2208.56   9.00545E-05
 2210.57   9.00378E-05
 2212.57   9.00214E-05
 2214.58   9.00061E-05
 2216.59   8.99898E-05
 2218.60   8.99735E-05
 2220.61   8.99576E-05
 2222.62   8.99414E-05
 2224.63   8.99259E-05
 2226.64   8.99096E-05
 2228.65   8.98939E-05
 2230.66   8.98770E-05
 2232.67   8.98612E-05
 2234.68   8.98454E-05
 2236.69   8.98299E-05
 2238.70   8.98140E-05
 2240.71   8.97977E-05
 2242.72   8.97818E-05
 2244.73   8.97662E-05
 2246.74   8.97497E-05
 2248.75   8.97338E-05
 2250.76   8.97188E-05
 2252.77   8.97034E-05
 2254.78   8.96868E-05
 2256.87   8.96705E-05
 2258.97   8.96541E-05
 2261.07   8.96382E-05
 2263.17   8.96216E-05
 2265.26   8.96051E-05
 2267.36   8.95888E-05
 2269.46   8.95725E-05
 2271.56   8.95560E-05
 2273.65   8.95396E-05
 2275.75   8.95226E-05
 2277.85   8.95072E-05
 2279.95   8.94908E-05
 2282.04   8.94745E-05
 2284.14   8.94576E-05
 2286.24   8.94427E-05
 2288.34   8.94265E-05
 2290.43   8.94102E-05
 2292.53   8.93933E-05
 2294.63   8.93770E-05
 2296.73   8.93620E-05
 2298.82   8.93457E-05
 2300.92   8.93295E-05
 2303.02   8.93125E-05
 2305.12   8.92967E-05
 2307.21   8.92813E-05
 2309.31   8.92650E-05
 2311.41   8.92491E-05
 2313.51   8.92329E-05
 2315.60   8.92164E-05
 2317.70   8.92006E-05
 2319.80   8.91850E-05
 2321.90   8.91684E-05
 2323.99   8.91531E-05
 2326.09   8.91368E-05
 2328.19   8.91205E-05
 2330.29   8.91048E-05
 2332.38   8.90896E-05
 2334.48   8.90733E-05
 2336.58   8.90575E-05
 2338.67   8.90416E-05
 2340.77   8.90252E-05
 2342.87   8.90095E-05
 2344.97   8.89935E-05
 2347.06   8.89783E-05
 2349.16   8.89625E-05
 2351.26   8.89466E-05
 2353.36   8.89308E-05
 2355.55   8.89145E-05
 2357.74   8.88973E-05
 2359.92   8.88818E-05
 2362.11   8.88655E-05
 2364.30   8.88486E-05
 2366.49   8.88326E-05
 2368.68   8.88168E-05
 2370.87   8.87997E-05
 2373.06   8.87831E-05
 2375.25   8.87667E-05
 2377.44   8.87514E-05
 2379.63   8.87342E-05
 2381.82   8.87181E-05
 2384.01   8.87017E-05
 2386.19   8.86849E-05
 2388.38   8.86696E-05
 2390.57   8.86530E-05
 2392.76   8.86364E-05
 2394.95   8.86210E-05
 2397.14   8.86039E-05
 2399.33   8.85883E-05
 2401.52   8.85723E-05
 2403.71   8.85557E-05
 2405.90   8.85395E-05
 2408.09   8.85230E-05
 2410.28   8.85076E-05
 2412.46   8.84912E-05
 2414.65   8.84754E-05
 2416.84   8.84591E-05
 2419.03   8.84429E-05
 2421.22   8.84264E-05
 2423.41   8.84110E-05
 2425.60   8.83948E-05
 2427.79   8.83786E-05
 2429.98   8.83621E-05
 2432.17   8.83464E-05
 2434.36   8.83302E-05
 2436.55   8.83148E-05
 2438.73   8.82990E-05
 2440.92   8.82834E-05
 2443.11   8.82668E-05
 2445.30   8.82505E-05
 2447.49   8.82343E-05
 2449.68   8.82180E-05
 2451.87   8.82028E-05
 2454.06   8.81865E-05
 2456.25   8.81712E-05
 2458.53   8.81539E-05
 2460.82   8.81379E-05
 2463.10   8.81212E-05
 2465.39   8.81050E-05
 2467.67   8.80879E-05
 2469.96   8.80714E-05
 2472.24   8.80548E-05
 2474.53   8.80387E-05
 2476.81   8.80216E-05
 2479.10   8.80047E-05
 2481.38   8.79893E-05
 2483.67   8.79718E-05
 2485.95   8.79558E-05
 2488.24   8.79391E-05
 2490.52   8.79224E-05
 2492.81   8.79067E-05
 2495.09   8.78897E-05
 2497.38   8.78730E-05
 2499.66   8.78567E-05
 2501.95   8.78409E-05
 2504.23   8.78244E-05
 2506.52   8.78071E-05
 2508.80   8.77907E-05
 2511.09   8.77743E-05
 2513.37   8.77580E-05
 2515.66   8.77418E-05
 2517.94   8.77250E-05
 2520.22   8.77089E-05
 2522.51   8.76925E-05
 2524.79   8.76759E-05
 2527.08   8.76601E-05
 2529.36   8.76435E-05
 2531.65   8.76272E-05
 2533.93   8.76107E-05
 2536.22   8.75941E-05
 2538.50   8.75789E-05
 2540.79   8.75617E-05
 2543.07   8.75454E-05
 2545.36   8.75290E-05
 2547.64   8.75128E-05
 2549.93   8.74960E-05
 2552.21   8.74809E-05
 2554.50   8.74642E-05
 2556.78   8.74479E-05
 2559.07   8.74311E-05
 2561.35   8.74149E-05
 2563.64   8.73982E-05
 2566.02   8.73820E-05
 2568.41   8.73643E-05
 2570.79   8.73478E-05
 2573.18   8.73303E-05
 2575.56   8.73144E-05
 2577.95   8.72971E-05
 2580.33   8.72792E-05
 2582.72   8.72624E-05
 2585.10   8.72460E-05
 2587.49   8.72284E-05
 2589.87   8.72119E-05
 2592.26   8.71949E-05
 2594.64   8.71784E-05
 2597.02   8.71613E-05
 2599.41   8.71442E-05
 2601.79   8.71263E-05
 2604.18   8.71102E-05
 2606.56   8.70935E-05
 2608.95   8.70759E-05
 2611.33   8.70594E-05
 2613.72   8.70432E-05
 2616.10   8.70259E-05
 2618.49   8.70090E-05
 2620.87   8.69919E-05
 2623.26   8.69757E-05
 2625.64   8.69582E-05
 2628.03   8.69415E-05
 2630.41   8.69241E-05
 2632.80   8.69067E-05
 2635.18   8.68905E-05
 2637.57   8.68737E-05
 2639.95   8.68570E-05
 2642.34   8.68396E-05
 2644.72   8.68237E-05
 2647.10   8.68066E-05
 2649.49   8.67890E-05
 2651.87   8.67724E-05
 2654.26   8.67551E-05
 2656.64   8.67389E-05
 2659.03   8.67221E-05
 2661.41   8.67052E-05
 2663.80   8.66878E-05
 2666.18   8.66707E-05
 2668.57   8.66548E-05
 2670.95   8.66385E-05
 2673.34   8.66211E-05
 2675.72   8.66043E-05
 2678.21   8.65861E-05
 2680.70   8.65689E-05
 2683.19   8.65512E-05
 2685.68   8.65330E-05
 2688.17   8.65169E-05
 2690.66   8.64986E-05
 2693.15   8.64809E-05
 2695.63   8.64635E-05
 2698.12   8.64459E-05
 2700.61   8.64280E-05
 2703.10   8.64100E-05
 2705.59   8.63930E-05
 2708.08   8.63752E-05
 2710.57   8.63574E-05
 2713.06   8.63406E-05
 2715.55   8.63224E-05
 2718.04   8.63047E-05
 2720.53   8.62875E-05
 2723.01   8.62703E-05
 2725.50   8.62519E-05
 2727.99   8.62342E-05
 2730.48   8.62171E-05
 2732.97   8.61995E-05
 2735.46   8.61817E-05
 2737.95   8.61640E-05
 2740.44   8.61463E-05
 2742.93   8.61290E-05
 2745.42   8.61108E-05
 2747.90   8.60941E-05
 2750.39   8.60764E-05
 2752.88   8.60588E-05
 2755.37   8.60406E-05
 2757.86   8.60235E-05
 2760.35   8.60058E-05
 2762.84   8.59875E-05
 2765.33   8.59701E-05
 2767.82   8.59533E-05
 2770.31   8.59346E-05
 2772.80   8.59168E-05
 2775.28   8.58996E-05
 2777.77   8.58825E-05
 2780.26   8.58644E-05
 2782.75   8.58470E-05
 2785.24   8.58290E-05
 2787.73   8.58122E-05
 2790.22   8.57943E-05
 2792.71   8.57766E-05
 2795.31   8.57577E-05
 2797.90   8.57399E-05
 2800.50   8.57205E-05
 2803.10   8.57022E-05
 2805.70   8.56844E-05
 2808.29   8.56658E-05
 2810.89   8.56469E-05
 2813.49   8.56285E-05
 2816.09   8.56099E-05
 2818.69   8.55923E-05
 2821.28   8.55736E-05
 2823.88   8.55548E-05
 2826.48   8.55366E-05
 2829.08   8.55182E-05
 2831.68   8.54995E-05
 2834.27   8.54808E-05
 2836.87   8.54622E-05
 2839.47   8.54432E-05
 2842.07   8.54256E-05
 2844.66   8.54068E-05
 2847.26   8.53885E-05
 2849.86   8.53701E-05
 2852.46   8.53510E-05
 2855.06   8.53331E-05
 2857.65   8.53140E-05
 2860.25   8.52952E-05
 2862.85   8.52774E-05
 2865.45   8.52588E-05
 2868.05   8.52397E-05
 2870.64   8.52216E-05
 2873.24   8.52027E-05
 2875.84   8.51838E-05
 2878.44   8.51658E-05
 2881.03   8.51473E-05
 2883.63   8.51283E-05
 2886.23   8.51094E-05
 2888.83   8.50912E-05
 2891.43   8.50722E-05
 2894.02   8.50537E-05
 2896.62   8.50353E-05
 2899.22   8.50160E-05
 2901.82   8.49978E-05
 2904.42   8.49793E-05
 2907.01   8.49607E-05
 2909.61   8.49421E-05
 2912.21   8.49233E-05
 2914.81   8.49045E-05
 2917.52   8.48854E-05
 2920.23   8.48651E-05
 2922.94   8.48462E-05
 2925.65   8.48263E-05
 2928.36   8.48070E-05
 2931.08   8.47873E-05
 2933.79   8.47684E-05
 2936.50   8.47484E-05
 2939.21   8.47286E-05
 2941.92   8.47090E-05
 2944.63   8.46897E-05
 2947.34   8.46695E-05
 2950.06   8.46505E-05
 2952.77   8.46307E-05
 2955.48   8.46112E-05
 2958.19   8.45911E-05
 2960.90   8.45717E-05
 2963.61   8.45523E-05
 2966.32   8.45328E-05
 2969.04   8.45133E-05
 2971.75   8.44928E-05
 2974.46   8.44736E-05
 2977.17   8.44534E-05
 2979.88   8.44340E-05
 2982.59   8.44141E-05
 2985.30   8.43945E-05
 2988.02   8.43745E-05
 2990.73   8.43550E-05
 2993.44   8.43352E-05
 2996.15   8.43154E-05
 2998.86   8.42956E-05
 3001.57   8.42765E-05
 3004.28   8.42564E-05
 3007.00   8.42365E-05
 3009.71   8.42168E-05
 3012.42   8.41965E-05
 3015.13   8.41767E-05
 3017.84   8.41565E-05
 3020.55   8.41370E-05
 3023.26   8.41173E-05
 3025.98   8.40974E-05
 3028.69   8.40776E-05
 3031.40   8.40576E-05
 3034.11   8.40375E-05
 3036.82   8.40177E-05
 3039.53   8.39979E-05
 3042.25   8.39779E-05
 3045.08   8.39573E-05
 3047.91   8.39362E-05
 3050.74   8.39150E-05
 3053.57   8.38946E-05
 3056.40   8.38730E-05
 3059.23   8.38529E-05
 3062.06   8.38315E-05
 3064.89   8.38111E-05
 3067.72   8.37902E-05
 3070.55   8.37695E-05
 3073.38   8.37479E-05
 3076.21   8.37270E-05
 3079.04   8.37059E-05
 3081.87   8.36857E-05
 3084.70   8.36642E-05
 3087.53   8.36430E-05
 3090.36   8.36223E-05
 3093.19   8.36007E-05
 3096.02   8.35802E-05
 3098.85   8.35591E-05
 3101.68   8.35382E-05
 3104.51   8.35170E-05
 3107.34   8.34961E-05
 3110.17   8.34751E-05
 3113.00   8.34542E-05
 3115.82   8.34326E-05
 3118.66   8.34111E-05
 3121.49   8.33901E-05
 3124.32   8.33693E-05
 3127.14   8.33480E-05
 3129.97   8.33270E-05
 3132.80   8.33055E-05
 3135.64   8.32842E-05
 3138.47   8.32631E-05
 3141.30   8.32418E-05
 3144.12   8.32203E-05
 3146.95   8.31995E-05
 3149.78   8.31784E-05
 3152.61   8.31570E-05
 3155.45   8.31353E-05
 3158.28   8.31145E-05
 3161.11   8.30925E-05
 3163.93   8.30718E-05
 3166.76   8.30500E-05
 3169.59   8.30284E-05
 3172.43   8.30072E-05
 3175.26   8.29857E-05
 3178.21   8.29634E-05
 3181.16   8.29412E-05
 3184.12   8.29188E-05
 3187.07   8.28963E-05
 3190.02   8.28739E-05
 3192.98   8.28516E-05
 3195.93   8.28293E-05
 3198.88   8.28067E-05
 3201.84   8.27843E-05
 3204.79   8.27615E-05
 3207.75   8.27393E-05
 3210.70   8.27164E-05
 3213.65   8.26944E-05
 3216.61   8.26718E-05
 3219.56   8.26491E-05
 3222.51   8.26269E-05
 3225.47   8.26037E-05
 3228.42   8.25814E-05
 3231.38   8.25591E-05
 3234.33   8.25360E-05
 3237.28   8.25138E-05
 3240.24   8.24908E-05
 3243.19   8.24685E-05
 3246.14   8.24453E-05
 3249.10   8.24226E-05
 3252.05   8.24005E-05
 3255.01   8.23768E-05
 3257.96   8.23542E-05
 3260.91   8.23321E-05
 3263.87   8.23088E-05
 3266.82   8.22863E-05
 3269.77   8.22640E-05
 3272.73   8.22405E-05
 3275.68   8.22183E-05
 3278.64   8.21945E-05
 3281.59   8.21719E-05
 3284.54   8.21494E-05
 3287.50   8.21264E-05
 3290.45   8.21037E-05
 3293.40   8.20803E-05
 3296.36   8.20577E-05
 3299.31   8.20347E-05
 3300.00   8.20295E-05
 3320.00   8.18734E-05
 3340.00   8.17170E-05
 3360.00   8.15599E-05
 3380.00   8.14014E-05
 3400.00   8.12435E-05
 3420.00   8.10839E-05
 3440.00   8.09242E-05
 3460.00   8.07632E-05
 3480.00   8.06021E-05
 3500.00   8.04396E-05
 3520.00   8.02773E-05
 3540.00   8.01138E-05
 3560.00   7.99501E-05
 3580.00   7.97858E-05
 3600.00   7.96207E-05
 3620.00   7.94549E-05
 3630.00   7.93715E-05
 3644.79   7.92483E-05
 3644.99   7.92286E-05
 3660.00   7.90989E-05
 3680.00   7.89229E-05
 3700.00   7.87385E-05
 3720.00   7.85371E-05
 3740.00   7.82660E-05
 3760.00   7.81906E-05
 3770.00   7.74986E-05
 3780.00   7.88551E-05
 3790.00   7.78773E-05
 3800.00   7.63021E-05
 3810.00   7.97905E-05
 3815.00   8.02875E-05
 3816.00   8.02494E-05
 3817.00   8.01620E-05
 3818.00   8.00237E-05
 3819.00   7.98334E-05
 3820.00   7.95902E-05
 3821.00   7.92936E-05
 3822.00   7.89437E-05
 3832.00   7.31025E-05
 3833.00   7.24266E-05
 3834.00   7.17912E-05
 3835.00   7.12947E-05
 3836.00   7.14597E-05
 3837.00   7.21417E-05
 3838.00   7.29335E-05
 3839.00   7.37657E-05
 3840.00   7.46295E-05
 3841.00   7.55025E-05
 3842.00   7.63587E-05
 3843.00   7.71848E-05
 3844.00   7.79822E-05
 3845.00   7.87516E-05
 3846.00   7.94882E-05
 3847.00   8.01875E-05
 3848.00   8.08422E-05
 3849.00   8.14472E-05
 3850.00   8.20007E-05
 3851.50   8.27299E-05
 3853.00   8.33344E-05
 3854.50   8.38149E-05
 3856.00   8.41701E-05
 3857.50   8.44040E-05
 3859.00   8.45180E-05
 3860.50   8.45098E-05
 3862.00   8.43777E-05
 3863.50   8.41220E-05
 3865.00   8.37397E-05
 3866.50   8.32311E-05
 3868.00   8.25952E-05
 3869.50   8.18336E-05
 3871.00   8.09463E-05
 3872.50   7.99333E-05
 3874.00   7.88007E-05
 3875.50   7.75562E-05
 3877.00   7.62047E-05
 3878.50   7.47415E-05
 3880.00   7.31555E-05
 3881.50   7.14443E-05
 3883.00   6.96220E-05
 3884.50   6.77076E-05
 3886.00   6.57366E-05
 3887.50   6.38317E-05
 3889.00   6.26392E-05
 3890.50   6.38133E-05
 3892.00   6.58219E-05
 3893.50   6.79347E-05
 3895.00   7.00185E-05
 3896.50   7.20399E-05
 3898.00   7.39825E-05
 3899.50   7.58316E-05
 3901.00   7.75886E-05
 3902.50   7.92672E-05
 3904.00   8.08726E-05
 3905.50   8.24004E-05
 3907.00   8.38412E-05
 3908.50   8.51881E-05
 3910.00   8.64373E-05
 3911.50   8.75875E-05
 3913.00   8.86344E-05
 3914.50   8.95745E-05
 3916.00   9.04060E-05
 3917.50   9.11293E-05
 3919.00   9.17451E-05
 3920.50   9.22548E-05
 3922.00   9.26661E-05
 3923.50   9.29836E-05
 3925.00   9.32096E-05
 3926.50   9.33444E-05
 3928.00   9.33907E-05
 3929.50   9.33418E-05
 3931.00   9.31969E-05
 3932.50   9.29519E-05
 3934.00   9.26029E-05
 3935.50   9.21445E-05
 3937.00   9.15721E-05
 3938.50   9.08805E-05
 3940.00   9.00609E-05
 3941.50   8.91096E-05
 3943.00   8.80263E-05
 3944.50   8.68142E-05
 3946.00   8.54826E-05
 3947.50   8.40422E-05
 3949.00   8.25101E-05
 3950.50   8.09058E-05
 3952.00   7.92377E-05
 3953.50   7.74933E-05
 3955.00   7.56443E-05
 3956.50   7.36608E-05
 3958.00   7.15495E-05
 3959.50   6.93287E-05
 3961.00   6.70170E-05
 3962.50   6.46474E-05
 3964.00   6.22209E-05
 3965.50   5.96951E-05
 3967.00   5.70946E-05
 3968.50   5.43696E-05
 3970.00   5.15123E-05
 3971.50   5.41288E-05
 3973.00   5.69020E-05
 3974.50   5.95452E-05
 3976.00   6.21194E-05
 3977.50   6.46022E-05
 3979.00   6.70366E-05
 3980.50   6.94301E-05
 3982.00   7.17538E-05
 3983.50   7.39912E-05
 3985.00   7.61255E-05
 3986.50   7.81514E-05
 3988.00   8.00997E-05
 3989.50   8.20026E-05
 3991.00   8.38795E-05
 3992.50   8.57259E-05
 3994.00   8.75230E-05
 3995.50   8.92543E-05
 3997.00   9.09045E-05
 3998.50   9.24632E-05
 4000.00   9.39240E-05
 4001.50   9.52835E-05
 4003.00   9.65462E-05
 4004.50   9.77082E-05
 4006.00   9.87872E-05
 4007.50   9.97721E-05
 4009.00   1.00677E-04
 4010.50   1.01501E-04
 4012.00   1.02249E-04
 4013.50   1.02922E-04
 4015.00   1.03539E-04
 4016.50   1.04094E-04
 4018.00   1.04591E-04
 4019.50   1.05035E-04
 4021.00   1.05434E-04
 4022.50   1.05782E-04
 4024.00   1.06091E-04
 4025.50   1.06351E-04
 4027.00   1.06572E-04
 4028.50   1.06750E-04
 4030.00   1.06886E-04
 4031.50   1.06991E-04
 4033.00   1.07053E-04
 4034.50   1.07071E-04
 4036.00   1.07049E-04
 4037.50   1.06978E-04
 4039.00   1.06871E-04
 4040.50   1.06716E-04
 4042.00   1.06506E-04
 4043.50   1.06244E-04
 4045.00   1.05930E-04
 4046.50   1.05554E-04
 4048.00   1.05116E-04
 4049.50   1.04610E-04
 4051.00   1.04043E-04
 4052.50   1.03403E-04
 4054.00   1.02680E-04
 4055.50   1.01888E-04
 4057.00   1.01016E-04
 4058.50   1.00065E-04
 4060.00   9.90421E-05
 4061.50   9.79440E-05
 4063.00   9.67749E-05
 4064.50   9.55427E-05
 4066.00   9.42573E-05
 4067.50   9.29216E-05
 4069.00   9.15459E-05
 4070.50   9.01374E-05
 4072.00   8.87046E-05
 4073.50   8.72479E-05
 4075.00   8.57602E-05
 4076.50   8.42298E-05
 4078.00   8.26429E-05
 4079.50   8.09870E-05
 4081.00   7.92494E-05
 4082.50   7.74181E-05
 4084.00   7.54954E-05
 4085.50   7.34880E-05
 4087.00   7.13968E-05
 4088.50   6.92209E-05
 4090.00   6.69623E-05
 4091.50   6.46157E-05
 4093.00   6.21710E-05
 4094.50   5.96287E-05
 4096.00   5.69887E-05
 4097.50   5.42519E-05
 4099.00   5.13159E-05
 4100.50   4.79795E-05
 4102.00   4.57187E-05
 4103.50   4.92801E-05
 4105.00   5.24435E-05
 4106.50   5.53055E-05
 4108.00   5.80214E-05
 4109.50   6.06391E-05
 4111.00   6.31590E-05
 4112.50   6.55807E-05
 4114.00   6.79073E-05
 4115.50   7.01502E-05
 4117.00   7.23118E-05
 4118.50   7.43921E-05
 4120.00   7.63930E-05
 4121.50   7.83115E-05
 4123.00   8.01421E-05
 4124.50   8.18887E-05
 4126.00   8.35654E-05
 4127.50   8.51868E-05
 4129.00   8.67663E-05
 4130.50   8.83190E-05
 4132.00   8.98583E-05
 4133.50   9.13897E-05
 4135.00   9.29112E-05
 4136.50   9.44167E-05
 4138.00   9.58973E-05
 4139.50   9.73475E-05
 4141.00   9.87608E-05
 4142.50   1.00127E-04
 4144.00   1.01441E-04
 4145.50   1.02701E-04
 4147.00   1.03907E-04
 4148.50   1.05048E-04
 4150.00   1.06127E-04
 4151.50   1.07143E-04
 4153.00   1.08107E-04
 4154.50   1.09003E-04
 4156.00   1.09849E-04
 4157.50   1.10641E-04
 4159.00   1.11381E-04
 4160.50   1.12081E-04
 4162.00   1.12724E-04
 4163.50   1.13334E-04
 4165.00   1.13898E-04
 4166.50   1.14427E-04
 4168.00   1.14927E-04
 4169.50   1.15385E-04
 4171.00   1.15816E-04
 4172.50   1.16220E-04
 4174.00   1.16596E-04
 4175.50   1.16946E-04
 4177.00   1.17275E-04
 4178.50   1.17579E-04
 4180.00   1.17865E-04
 4181.50   1.18131E-04
 4183.00   1.18381E-04
 4184.50   1.18617E-04
 4186.00   1.18833E-04
 4187.50   1.19038E-04
 4189.00   1.19224E-04
 4190.50   1.19399E-04
 4192.00   1.19564E-04
 4193.50   1.19718E-04
 4195.00   1.19857E-04
 4196.50   1.19995E-04
 4198.00   1.20108E-04
 4199.50   1.20223E-04
 4201.00   1.20323E-04
 4202.50   1.20423E-04
 4204.00   1.20507E-04
 4205.50   1.20581E-04
 4207.00   1.20648E-04
 4208.50   1.20707E-04
 4210.00   1.20759E-04
 4211.50   1.20803E-04
 4213.00   1.20837E-04
 4214.50   1.20866E-04
 4216.00   1.20879E-04
 4217.50   1.20892E-04
 4219.00   1.20894E-04
 4220.50   1.20886E-04
 4222.00   1.20867E-04
 4223.50   1.20848E-04
 4225.00   1.20813E-04
 4226.50   1.20765E-04
 4228.00   1.20712E-04
 4229.50   1.20650E-04
 4231.00   1.20578E-04
 4232.50   1.20493E-04
 4234.00   1.20394E-04
 4235.50   1.20289E-04
 4237.00   1.20164E-04
 4238.50   1.20033E-04
 4240.00   1.19879E-04
 4241.50   1.19714E-04
 4243.00   1.19536E-04
 4244.50   1.19344E-04
 4246.00   1.19131E-04
 4247.50   1.18899E-04
 4249.00   1.18652E-04
 4250.50   1.18382E-04
 4252.00   1.18096E-04
 4253.50   1.17777E-04
 4255.00   1.17444E-04
 4256.50   1.17085E-04
 4258.00   1.16695E-04
 4259.50   1.16286E-04
 4261.00   1.15846E-04
 4262.50   1.15377E-04
 4264.00   1.14878E-04
 4265.50   1.14350E-04
 4267.00   1.13782E-04
 4268.50   1.13195E-04
 4270.00   1.12569E-04
 4271.50   1.11903E-04
 4273.00   1.11203E-04
 4274.50   1.10476E-04
 4276.00   1.09701E-04
 4277.50   1.08902E-04
 4279.00   1.08065E-04
 4280.50   1.07194E-04
 4282.00   1.06295E-04
 4283.50   1.05366E-04
 4285.00   1.04414E-04
 4286.50   1.03436E-04
 4288.00   1.02435E-04
 4289.50   1.01417E-04
 4291.00   1.00386E-04
 4292.50   9.93455E-05
 4294.00   9.82875E-05
 4295.50   9.72152E-05
 4297.00   9.61283E-05
 4298.50   9.50246E-05
 4300.00   9.39022E-05
 4301.50   9.27592E-05
 4303.00   9.15906E-05
 4304.50   9.03920E-05
 4306.00   8.91594E-05
 4307.50   8.78893E-05
 4309.00   8.65760E-05
 4310.50   8.52179E-05
 4312.00   8.38111E-05
 4313.50   8.23558E-05
 4315.00   8.08532E-05
 4316.50   7.93011E-05
 4318.00   7.76995E-05
 4319.50   7.60472E-05
 4321.00   7.43427E-05
 4322.50   7.25817E-05
 4324.00   7.07536E-05
 4325.50   6.88492E-05
 4327.00   6.68649E-05
 4328.50   6.47996E-05
 4330.00   6.26480E-05
 4331.50   6.04073E-05
 4333.00   5.80774E-05
 4334.50   5.56455E-05
 4336.00   5.30921E-05
 4337.50   5.02896E-05
 4339.00   4.68015E-05
 4340.50   4.06917E-05
 4342.00   4.70412E-05
 4343.50   5.04735E-05
 4345.00   5.32680E-05
 4346.50   5.58207E-05
 4348.00   5.82521E-05
 4349.50   6.05806E-05
 4351.00   6.28175E-05
 4352.50   6.49637E-05
 4354.00   6.70211E-05
 4355.50   6.89960E-05
 4357.00   7.08892E-05
 4358.50   7.27041E-05
 4360.00   7.44506E-05
 4361.50   7.61372E-05
 4363.00   7.77717E-05
 4364.50   7.93536E-05
 4366.00   8.08849E-05
 4367.50   8.23660E-05
 4369.00   8.37974E-05
 4370.50   8.51793E-05
 4372.00   8.65126E-05
 4373.50   8.77995E-05
 4375.00   8.90440E-05
 4376.50   9.02503E-05
 4378.00   9.14207E-05
 4379.50   9.25632E-05
 4381.00   9.36794E-05
 4382.50   9.47752E-05
 4384.00   9.58516E-05
 4385.50   9.69115E-05
 4387.00   9.79580E-05
 4388.50   9.89927E-05
 4390.00   1.00010E-04
 4391.50   1.01018E-04
 4393.00   1.02010E-04
 4394.50   1.02987E-04
 4396.00   1.03951E-04
 4397.50   1.04882E-04
 4399.00   1.05793E-04
 4400.50   1.06677E-04
 4402.00   1.07531E-04
 4403.50   1.08361E-04
 4405.00   1.09157E-04
 4406.50   1.09918E-04
 4408.00   1.10647E-04
 4409.50   1.11341E-04
 4411.00   1.12010E-04
 4412.50   1.12643E-04
 4414.00   1.13241E-04
 4415.50   1.13812E-04
 4417.00   1.14350E-04
 4418.50   1.14861E-04
 4420.00   1.15351E-04
 4421.50   1.15804E-04
 4423.00   1.16237E-04
 4424.50   1.16646E-04
 4426.00   1.17029E-04
 4427.50   1.17394E-04
 4429.00   1.17739E-04
 4430.50   1.18054E-04
 4432.00   1.18357E-04
 4433.50   1.18639E-04
 4435.00   1.18910E-04
 4436.50   1.19162E-04
 4438.00   1.19395E-04
 4439.50   1.19617E-04
 4441.00   1.19818E-04
 4442.50   1.20016E-04
 4444.00   1.20197E-04
 4445.50   1.20364E-04
 4447.00   1.20526E-04
 4448.50   1.20678E-04
 4450.00   1.20816E-04
 4451.50   1.20948E-04
 4453.00   1.21070E-04
 4454.50   1.21188E-04
 4456.00   1.21294E-04
 4457.50   1.21395E-04
 4459.00   1.21484E-04
 4460.50   1.21574E-04
 4462.00   1.21653E-04
 4463.50   1.21732E-04
 4465.00   1.21803E-04
 4466.50   1.21864E-04
 4468.00   1.21924E-04
 4469.50   1.21986E-04
 4471.00   1.22042E-04
 4472.50   1.22095E-04
 4474.00   1.22136E-04
 4475.50   1.22175E-04
 4477.00   1.22213E-04
 4478.50   1.22248E-04
 4480.00   1.22284E-04
 4481.50   1.22312E-04
 4483.00   1.22341E-04
 4484.50   1.22361E-04
 4486.00   1.22382E-04
 4487.50   1.22404E-04
 4489.00   1.22425E-04
 4490.50   1.22439E-04
 4492.00   1.22450E-04
 4493.50   1.22465E-04
 4495.00   1.22477E-04
 4496.50   1.22486E-04
 4498.00   1.22487E-04
 4499.50   1.22498E-04
 4501.00   1.22501E-04
 4502.50   1.22504E-04
 4504.00   1.22508E-04
 4505.50   1.22503E-04
 4507.00   1.22504E-04
 4508.50   1.22497E-04
 4510.00   1.22497E-04
 4511.50   1.22495E-04
 4513.00   1.22485E-04
 4514.50   1.22482E-04
 4516.00   1.22470E-04
 4517.50   1.22455E-04
 4519.00   1.22451E-04
 4520.50   1.22443E-04
 4522.00   1.22427E-04
 4523.50   1.22412E-04
 4524.00   1.22408E-04
 4534.00   1.22301E-04
 4544.00   1.22159E-04
 4554.00   1.21996E-04
 4564.00   1.21812E-04
 4574.00   1.21600E-04
 4584.00   1.21377E-04
 4594.00   1.21129E-04
 4600.00   1.20968E-04
 4605.00   1.20852E-04
 4611.32   1.20677E-04
 4621.32   1.20372E-04
 4631.32   1.20040E-04
 4641.32   1.19683E-04
 4651.32   1.19289E-04
 4661.32   1.18846E-04
 4671.32   1.18355E-04
 4681.32   1.17786E-04
 4691.32   1.17125E-04
 4701.30   1.16348E-04
 4711.32   1.15414E-04
 4721.32   1.14294E-04
 4731.32   1.12952E-04
 4741.32   1.11374E-04
 4751.32   1.09544E-04
 4761.32   1.07422E-04
 4771.32   1.04961E-04
 4781.32   1.02038E-04
 4791.32   9.85115E-05
 4801.30   9.43146E-05
 4811.32   8.94327E-05
 4821.32   8.38848E-05
 4831.32   7.73263E-05
 4841.32   6.93082E-05
 4846.32   6.45757E-05
 4851.32   5.91782E-05
 4853.32   5.68044E-05
 4855.32   5.42938E-05
 4857.32   5.15253E-05
 4859.30   4.79136E-05
 4859.52   4.73691E-05
 4859.72   4.68286E-05
 4859.92   4.62307E-05
 4860.12   4.55559E-05
 4860.32   4.47639E-05
 4860.42   4.43061E-05
 4860.52   4.37919E-05
 4860.62   4.32061E-05
 4860.72   4.25264E-05
 4860.80   4.19098E-05
 4860.92   4.08559E-05
 4861.02   3.99019E-05
 4861.12   3.89607E-05
 4861.22   3.81378E-05
 4861.32   3.77947E-05
 4861.42   3.80341E-05
 4861.52   3.87825E-05
 4861.62   3.97114E-05
 4861.72   4.06704E-05
 4861.80   4.14030E-05
 4861.92   4.23807E-05
 4862.02   4.30807E-05
 4862.12   4.36841E-05
 4862.22   4.42110E-05
 4862.32   4.46800E-05
 4862.52   4.54859E-05
 4862.72   4.61708E-05
 4862.92   4.67755E-05
 4863.12   4.73217E-05
 4863.30   4.77742E-05
 4865.32   5.15001E-05
 4867.32   5.42698E-05
 4869.32   5.67755E-05
 4871.32   5.91414E-05
 4876.32   6.45021E-05
 4881.32   6.91754E-05
 4891.32   7.70120E-05
 4901.32   8.33044E-05
 4911.32   8.85035E-05
 4921.30   9.29321E-05
 4931.32   9.66348E-05
 4941.32   9.95938E-05
 4951.32   1.01909E-04
 4961.32   1.03749E-04
 4971.32   1.05206E-04
 4981.32   1.06372E-04
 4991.32   1.07276E-04
 5001.32   1.07948E-04
 5011.32   1.08415E-04
 5021.30   1.08716E-04
 5031.32   1.08883E-04
 5041.32   1.08953E-04
 5051.32   1.08945E-04
 5061.32   1.08884E-04
 5071.32   1.08773E-04
 5081.32   1.08642E-04
 5091.32   1.08481E-04
 5101.32   1.08303E-04
 5111.32   1.08112E-04
 5121.30   1.07907E-04
 5131.32   1.07699E-04
 5141.32   1.07475E-04
 5151.32   1.07260E-04
 5161.32   1.07032E-04
 5171.32   1.06806E-04
 5181.32   1.06573E-04
 5191.32   1.06345E-04
 5201.32   1.06110E-04
 5211.32   1.05875E-04
 5221.30   1.05638E-04
 5231.32   1.05401E-04
 5241.32   1.05163E-04
 5251.32   1.04924E-04
 5261.32   1.04687E-04
 5271.32   1.04444E-04
 5281.32   1.04207E-04
 5291.32   1.03964E-04
 5301.32   1.03725E-04
 5311.32   1.03485E-04
 5321.30   1.03244E-04
 5331.32   1.03005E-04
 5341.32   1.02765E-04
 5351.32   1.02528E-04
 5361.32   1.02291E-04
 5371.32   1.02107E-04
 5381.32   1.01867E-04
 5391.32   1.01627E-04
 5401.32   1.01388E-04
 5411.32   1.01145E-04
 5421.30   1.00907E-04
 5431.32   1.00667E-04
 5441.32   1.00429E-04
 5451.32   1.00198E-04
 5461.32   9.99584E-05
 5471.32   9.97201E-05
 5481.32   9.94901E-05
 5491.32   9.92555E-05
 5501.32   9.90204E-05
 5511.32   9.87907E-05
 5521.30   9.85570E-05
 5531.32   9.83264E-05
 5541.32   9.80963E-05
 5551.32   9.78676E-05
 5561.32   9.76381E-05
 5571.32   9.74082E-05
 5581.32   9.71839E-05
 5591.32   9.69568E-05
 5601.32   9.67300E-05
 5611.32   9.65050E-05
 5621.30   9.62809E-05
 5631.32   9.60578E-05
 5641.32   9.58342E-05
 5651.32   9.56119E-05
 5661.32   9.53906E-05
 5671.32   9.51688E-05
 5681.32   9.49501E-05
 5691.32   9.47308E-05
 5701.32   9.45113E-05
 5711.32   9.42940E-05
 5721.30   9.40768E-05
 5731.32   9.38602E-05
 5741.32   9.36443E-05
 5751.32   9.34292E-05
 5761.32   9.32146E-05
 5771.32   9.30012E-05
 5781.32   9.27881E-05
 5791.32   9.25764E-05
 5801.32   9.23642E-05
 5811.32   9.21536E-05
 5821.30   9.19444E-05
 5831.32   9.17344E-05
 5841.32   9.15252E-05
 5851.32   9.13174E-05
 5861.32   9.11097E-05
 5871.32   9.09033E-05
 5881.32   9.06968E-05
 5891.32   9.04920E-05
 5901.32   9.02868E-05
 5911.32   9.00828E-05
 5921.30   8.98797E-05
 5931.32   8.96767E-05
 5941.32   8.94751E-05
 5951.32   8.92733E-05
 5961.32   8.90722E-05
 5971.32   8.88726E-05
 5981.32   8.86732E-05
 5991.32   8.84746E-05
 6001.32   8.82759E-05
 6011.32   8.80791E-05
 6021.30   8.78819E-05
 6031.32   8.76858E-05
 6041.32   8.74904E-05
 6051.32   8.72952E-05
 6061.32   8.71003E-05
 6071.32   8.67501E-05
 6081.32   8.65470E-05
 6091.32   8.63431E-05
 6101.32   8.61398E-05
 6111.32   8.59349E-05
 6121.30   8.57294E-05
 6131.32   8.55225E-05
 6141.32   8.53145E-05
 6151.32   8.51050E-05
 6161.32   8.48937E-05
 6171.32   8.46803E-05
 6181.32   8.44644E-05
 6191.32   8.42459E-05
 6201.32   8.40243E-05
 6211.32   8.37997E-05
 6221.30   8.35721E-05
 6231.32   8.33401E-05
 6241.32   8.31047E-05
 6251.32   8.28676E-05
 6261.32   8.26247E-05
 6271.32   8.23789E-05
 6281.32   8.21292E-05
 6291.32   8.18743E-05
 6301.32   8.16132E-05
 6311.32   8.13454E-05
 6312.80   8.13051E-05
 6322.80   8.10275E-05
 6332.80   8.07389E-05
 6342.80   8.04377E-05
 6352.80   8.01206E-05
 6362.80   7.97850E-05
 6372.80   7.94272E-05
 6382.80   7.90411E-05
 6392.80   7.86192E-05
 6402.80   7.81528E-05
 6412.80   7.76312E-05
 6422.80   7.70406E-05
 6432.80   7.63653E-05
 6442.80   7.55879E-05
 6452.80   7.46877E-05
 6462.80   7.36413E-05
 6472.80   7.24277E-05
 6482.80   7.10274E-05
 6492.80   6.94098E-05
 6502.80   6.75214E-05
 6512.80   6.52695E-05
 6522.80   6.25462E-05
 6532.80   5.92219E-05
 6542.80   5.50889E-05
 6547.80   5.26211E-05
 6552.80   4.98406E-05
 6554.80   4.86110E-05
 6556.80   4.72559E-05
 6558.80   4.56156E-05
 6560.80   4.31464E-05
 6561.00   4.27883E-05
 6561.20   4.23903E-05
 6561.40   4.19344E-05
 6561.60   4.13923E-05
 6561.80   4.07124E-05
 6561.90   4.02939E-05
 6562.00   3.97976E-05
 6562.10   3.91910E-05
 6562.20   3.84158E-05
 6562.30   3.74110E-05
 6562.40   3.60754E-05
 6562.50   3.45158E-05
 6562.60   3.28602E-05
 6562.70   3.12824E-05
 6562.80   3.05149E-05
 6562.90   3.10903E-05
 6563.00   3.25049E-05
 6563.10   3.41957E-05
 6563.20   3.57706E-05
 6563.30   3.71710E-05
 6563.40   3.82327E-05
 6563.50   3.90477E-05
 6563.60   3.96820E-05
 6563.70   4.01968E-05
 6563.80   4.06283E-05
 6564.00   4.13248E-05
 6564.20   4.18761E-05
 6564.40   4.23373E-05
 6564.60   4.27395E-05
 6564.80   4.30985E-05
 6566.80   4.55661E-05
 6568.80   4.71915E-05
 6570.80   4.85288E-05
 6572.80   4.97367E-05
 6577.80   5.24547E-05
 6582.80   5.48500E-05
 6592.80   5.88074E-05
 6602.80   6.19191E-05
 6612.80   6.43990E-05
 6622.80   6.63778E-05
 6632.80   6.79701E-05
 6642.80   6.92685E-05
 6652.80   7.03317E-05
 6662.80   7.11936E-05
 6672.80   7.18787E-05
 6682.80   7.24128E-05
 6692.80   7.28205E-05
 6702.80   7.31264E-05
 6712.80   7.33489E-05
 6722.80   7.35045E-05
 6732.80   7.36067E-05
 6742.80   7.36669E-05
 6752.80   7.36938E-05
 6762.80   7.36939E-05
 6772.80   7.36731E-05
 6782.80   7.36353E-05
 6792.80   7.35828E-05
 6802.80   7.35185E-05
 6812.80   7.34439E-05
 6822.80   7.33612E-05
 6832.80   7.32722E-05
 6842.80   7.31769E-05
 6852.80   7.30772E-05
 6862.80   7.29733E-05
 6872.80   7.28649E-05
 6882.80   7.27543E-05
 6892.80   7.26401E-05
 6950.00   7.19346E-05
 7000.00   7.12708E-05
 7050.00   7.05892E-05
 7100.00   6.99484E-05
 7150.00   6.92536E-05
 7200.00   6.85693E-05
 7250.00   6.78944E-05
 7300.02   6.72298E-05
 7400.00   6.59298E-05
 7500.00   6.46662E-05
 7600.00   6.34391E-05
 7700.00   6.22468E-05
 7800.00   6.10872E-05
 7900.00   5.99600E-05
 8000.00   5.88635E-05
 8100.00   5.77966E-05
 8200.91   5.67493E-05
 8201.11   5.67638E-05
 8220.00   5.65713E-05
 8270.00   5.60644E-05
 8320.00   5.55644E-05
 8370.00   5.50683E-05
 8420.00   5.45806E-05
 8470.00   5.40987E-05
 8520.00   5.36250E-05
 8570.00   5.31565E-05
 8620.00   5.26708E-05
 8670.00   5.22013E-05
 8720.00   5.17269E-05
 8770.00   5.12527E-05
 8820.00   5.08487E-05
 8870.00   5.04216E-05
 8920.00   5.01283E-05
 8970.00   4.96285E-05
 9020.00   4.90049E-05
 9070.00   4.89367E-05
 9120.00   4.86386E-05
 9170.00   4.79689E-05
 9220.00   4.68477E-05
 9270.00   4.72012E-05
 9320.00   4.75132E-05
 9342.99   4.74929E-05
 9370.00   4.73618E-05
 9382.99   4.72573E-05
 9402.99   4.70429E-05
 9420.00   4.68049E-05
 9422.99   4.67571E-05
 9442.99   4.63871E-05
 9452.99   4.61628E-05
 9470.00   4.57131E-05
 9472.99   4.56235E-05
 9492.99   4.49408E-05
 9512.99   4.40921E-05
 9520.00   4.37593E-05
 9527.99   4.33564E-05
 9534.99   4.29924E-05
 9538.99   4.27881E-05
 9541.19   4.26806E-05
 9541.59   4.26626E-05
 9541.99   4.26440E-05
 9542.19   4.26351E-05
 9542.39   4.26262E-05
 9542.59   4.26174E-05
 9542.79   4.26093E-05
 9543.19   4.25919E-05
 9543.39   4.25846E-05
 9543.59   4.25758E-05
 9543.79   4.25681E-05
 9543.99   4.25603E-05
 9544.39   4.25455E-05
 9544.79   4.25310E-05
 9546.99   4.25166E-05
 9550.99   4.25834E-05
 9557.99   4.28748E-05
 9570.00   4.33798E-05
 9572.99   4.34999E-05
 9592.99   4.42096E-05
 9612.99   4.47512E-05
 9620.00   4.49049E-05
 9632.99   4.51443E-05
 9642.99   4.52939E-05
 9662.99   4.55139E-05
 9670.00   4.55698E-05
 9682.99   4.56493E-05
 9702.99   4.57181E-05
 9720.00   4.57335E-05
 9742.99   4.57167E-05
 9770.00   4.56026E-05
 9820.00   4.52027E-05
 9846.24   4.48848E-05
 9870.00   4.45153E-05
 9886.24   4.42084E-05
 9906.24   4.37545E-05
 9920.00   4.33840E-05
 9926.24   4.31976E-05
 9946.24   4.25111E-05
 9956.24   4.21105E-05
 9970.00   4.14901E-05
 9976.24   4.11782E-05
 9996.24   4.00189E-05
10016.24   3.85799E-05
10020.00   3.82778E-05
10031.24   3.73194E-05
10038.24   3.67026E-05
10042.24   3.63812E-05
10044.44   3.62318E-05
10044.84   3.62088E-05
10045.24   3.61885E-05
10045.44   3.61785E-05
10045.64   3.61696E-05
10045.84   3.61611E-05
10046.04   3.61615E-05
10046.44   3.61483E-05
10046.64   3.61434E-05
10046.84   3.61387E-05
10047.04   3.61361E-05
10047.24   3.61340E-05
10047.64   3.61348E-05
10048.04   3.61406E-05
10050.24   3.61537E-05
10054.24   3.61923E-05
10061.24   3.66694E-05
10070.00   3.73621E-05
10076.24   3.78371E-05
10096.24   3.91698E-05
10116.24   4.02077E-05
10120.00   4.03722E-05
10136.24   4.09912E-05
10146.24   4.13103E-05
10166.24   4.18296E-05
10170.00   4.19112E-05
10186.24   4.22132E-05
10206.24   4.24894E-05
10220.00   4.26303E-05
10246.24   4.28119E-05
10270.00   4.29022E-05
10320.00   4.29350E-05
10370.00   4.28367E-05
10420.00   4.26638E-05
10470.00   4.21609E-05
10520.00   4.18277E-05
10570.00   4.15398E-05
10620.00   4.10535E-05
10670.00   4.04678E-05
10720.00   3.97186E-05
10734.68   3.94535E-05
10770.00   3.86958E-05
10774.68   3.85803E-05
10794.68   3.80352E-05
10814.68   3.73921E-05
10820.00   3.72016E-05
10834.68   3.66269E-05
10844.68   3.61884E-05
10864.68   3.51759E-05
10870.00   3.48718E-05
10884.68   3.39442E-05
10904.68   3.24288E-05
10919.68   3.10684E-05
10920.00   3.10365E-05
10926.68   3.03535E-05
10930.68   2.98900E-05
10932.88   2.96041E-05
10933.28   2.95474E-05
10933.68   2.94891E-05
10933.88   2.94585E-05
10934.08   2.94281E-05
10934.28   2.93979E-05
10934.48   2.93658E-05
10934.88   2.93007E-05
10935.08   2.92664E-05
10935.28   2.92312E-05
10935.48   2.91948E-05
10935.68   2.91572E-05
10936.08   2.90774E-05
10936.48   2.89914E-05
10938.68   2.87025E-05
10942.68   2.94823E-05
10949.68   3.02921E-05
10964.68   3.16398E-05
10970.00   3.20637E-05
10984.68   3.30984E-05
11004.68   3.42279E-05
11020.00   3.49201E-05
11024.68   3.51057E-05
11034.68   3.54670E-05
11054.68   3.60625E-05
11070.00   3.64217E-05
11074.68   3.65167E-05
11094.68   3.68612E-05
11120.00   3.71736E-05
11134.68   3.73051E-05
11170.00   3.75087E-05
11220.00   3.76049E-05
11270.00   3.75638E-05
11320.00   3.74410E-05
11370.00   3.72699E-05
11420.00   3.70702E-05
11470.00   3.70068E-05
11520.00   3.67444E-05
11570.00   3.64843E-05
11620.00   3.62279E-05
11670.00   3.59722E-05
11720.00   3.57196E-05
11770.00   3.54693E-05
11820.00   3.52207E-05
11870.00   3.49748E-05
11920.00   3.47313E-05
11970.00   3.44903E-05
12020.00   3.42505E-05
12070.00   3.40143E-05
12120.00   3.37802E-05
12170.00   3.35476E-05
12220.00   3.33173E-05
12270.00   3.30895E-05
12320.00   3.25629E-05
12370.00   3.22676E-05
12420.00   3.19486E-05
12470.00   3.15924E-05
12520.00   3.11787E-05
12570.00   3.06745E-05
12614.08   3.01075E-05
12620.00   3.00200E-05
12654.08   2.94432E-05
12670.00   2.91240E-05
12674.08   2.90356E-05
12694.08   2.85632E-05
12714.08   2.80072E-05
12720.00   2.78233E-05
12724.08   2.76896E-05
12744.08   2.69586E-05
12764.08   2.60717E-05
12770.00   2.57740E-05
12784.08   2.49887E-05
12799.08   2.39939E-05
12806.08   2.33978E-05
12810.08   2.29654E-05
12812.28   2.26693E-05
12812.68   2.26099E-05
12813.08   2.25480E-05
12813.28   2.25167E-05
12813.48   2.24845E-05
12813.68   2.24516E-05
12813.88   2.24177E-05
12814.28   2.23474E-05
12814.48   2.23116E-05
12814.68   2.22752E-05
12814.88   2.22387E-05
12815.08   2.22034E-05
12815.48   2.21354E-05
12815.88   2.20768E-05
12818.08   2.24645E-05
12820.00   2.20303E-05
12822.08   2.23576E-05
12829.08   2.32416E-05
12844.08   2.43491E-05
12864.08   2.54110E-05
12870.00   2.56776E-05
12884.08   2.62407E-05
12904.08   2.68921E-05
12914.08   2.71617E-05
12920.00   2.73065E-05
12934.08   2.76093E-05
12954.08   2.79583E-05
12970.00   2.81803E-05
12974.08   2.82306E-05
13014.08   2.86017E-05
13020.00   2.86410E-05
13070.00   2.88570E-05
13120.00   2.89245E-05
13170.00   2.89044E-05
13220.00   2.88290E-05
13270.00   2.87204E-05
13320.00   2.87755E-05
13370.00   2.85912E-05
13420.00   2.84081E-05
13470.00   2.82269E-05
13520.00   2.80474E-05
13570.00   2.78695E-05
13620.00   2.76933E-05
13670.00   2.75183E-05
13720.00   2.73458E-05
13770.00   2.71741E-05
13820.00   2.70046E-05
13870.00   2.68359E-05
13920.00   2.66697E-05
13970.00   2.65039E-05
14020.00   2.63407E-05
14070.00   2.61779E-05
14120.00   2.60173E-05
14170.00   2.58583E-05
14220.00   2.57001E-05
14270.00   2.55438E-05
14320.00   2.53890E-05
14370.00   2.52350E-05
14420.00   2.50830E-05
14470.00   2.49321E-05
14520.00   2.47827E-05
14579.50   2.46063E-05
14579.65   2.46198E-05
14620.00   2.45008E-05
14720.00   2.42097E-05
14820.00   2.39240E-05
14920.00   2.36435E-05
15020.00   2.33674E-05
15120.00   2.30963E-05
15220.00   2.28302E-05
15320.00   2.25683E-05
15420.00   2.23105E-05
15520.00   2.20573E-05
15620.00   2.18112E-05
15720.00   2.15680E-05
15820.00   2.13247E-05
15920.00   2.10865E-05
16020.00   2.08540E-05
16120.00   2.06249E-05
16220.00   2.03998E-05
16320.00   2.01766E-05
16420.00   1.99588E-05
16520.00   1.97566E-05
16620.00   1.95533E-05
16720.00   1.93208E-05
16820.00   1.90068E-05
16920.00   1.89385E-05
17020.00   1.87661E-05
17120.00   1.85670E-05
17220.00   1.83524E-05
17320.00   1.81254E-05
17420.00   1.79616E-05
17520.00   1.78415E-05
17620.00   1.77075E-05
17720.00   1.74874E-05
17820.00   1.73030E-05
17920.00   1.71119E-05
17968.39   1.69989E-05
18008.39   1.69005E-05
18020.00   1.68709E-05
18028.39   1.68494E-05
18048.39   1.67964E-05
18068.39   1.67423E-05
18078.39   1.67147E-05
18098.39   1.66592E-05
18118.39   1.66025E-05
18120.00   1.65982E-05
18138.39   1.65459E-05
18153.39   1.65044E-05
18160.39   1.64864E-05
18164.39   1.64771E-05
18166.59   1.64715E-05
18166.99   1.64704E-05
18167.39   1.64695E-05
18167.59   1.64692E-05
18167.79   1.64689E-05
18167.99   1.64683E-05
18168.20   1.64682E-05
18168.59   1.64670E-05
18168.79   1.64662E-05
18168.99   1.64665E-05
18169.20   1.64656E-05
18169.39   1.64655E-05
18169.79   1.64643E-05
18170.20   1.64636E-05
18172.39   1.64585E-05
18176.39   1.64536E-05
18183.39   1.64481E-05
18198.39   1.64426E-05
18218.39   1.64386E-05
18220.00   1.64383E-05
18238.39   1.64356E-05
18258.39   1.63036E-05
18268.39   1.62952E-05
18288.39   1.62754E-05
18308.39   1.62533E-05
18320.00   1.62379E-05
18328.39   1.62271E-05
18368.39   1.61623E-05
18420.00   1.60522E-05
18520.00   1.57121E-05
18545.17   1.55834E-05
18585.17   1.53231E-05
18605.17   1.51637E-05
18620.00   1.50310E-05
18625.17   1.49805E-05
18645.17   1.47691E-05
18655.17   1.46490E-05
18675.17   1.43806E-05
18695.17   1.40580E-05
18715.17   1.36884E-05
18720.00   1.35828E-05
18730.17   1.33030E-05
18737.17   1.30517E-05
18741.17   1.28599E-05
18743.37   1.27224E-05
18743.77   1.26937E-05
18744.17   1.26635E-05
18744.37   1.26474E-05
18744.57   1.26316E-05
18744.77   1.26149E-05
18744.97   1.25973E-05
18745.37   1.25611E-05
18745.57   1.25422E-05
18745.77   1.25225E-05
18745.97   1.25030E-05
18746.17   1.24817E-05
18746.57   1.24377E-05
18746.97   1.23907E-05
18749.17   1.19986E-05
18753.17   1.20770E-05
18760.17   1.28024E-05
18775.17   1.33511E-05
18795.17   1.37478E-05
18815.17   1.40451E-05
18820.00   1.41098E-05
18835.17   1.42956E-05
18845.17   1.44032E-05
18865.17   1.45865E-05
18885.17   1.47353E-05
18905.17   1.48573E-05
18920.00   1.49341E-05
18945.17   1.50402E-05
19020.00   1.51016E-05
19120.00   1.50519E-05
19220.00   1.48748E-05
19239.43   1.48288E-05
19279.43   1.47890E-05
19299.43   1.47226E-05
19319.43   1.46538E-05
19320.00   1.46517E-05
19339.43   1.45823E-05
19349.43   1.45453E-05
19369.43   1.44702E-05
19389.43   1.43936E-05
19409.43   1.43189E-05
19420.00   1.42826E-05
19424.43   1.42677E-05
19431.43   1.42479E-05
19435.43   1.42387E-05
19437.63   1.42350E-05
19438.03   1.42345E-05
19438.43   1.42339E-05
19438.63   1.42339E-05
19438.83   1.42331E-05
19439.03   1.42327E-05
19439.23   1.42329E-05
19439.63   1.42325E-05
19439.83   1.42317E-05
19440.03   1.42320E-05
19440.23   1.42317E-05
19440.43   1.42319E-05
19440.83   1.42309E-05
19441.23   1.42307E-05
19443.43   1.42294E-05
19447.43   1.42249E-05
19454.43   1.42152E-05
19469.43   1.42186E-05
19489.43   1.42401E-05
19509.43   1.42660E-05
19520.00   1.42798E-05
19529.43   1.42916E-05
19539.43   1.43042E-05
19559.43   1.43261E-05
19579.43   1.43445E-05
19599.43   1.43600E-05
19620.00   1.43732E-05
19639.43   1.43823E-05
19720.00   1.43930E-05
19820.00   1.43587E-05
19920.00   1.42909E-05
20020.00   1.42914E-05
20120.00   1.41652E-05
20220.00   1.40410E-05
20320.00   1.39178E-05
20420.00   1.37966E-05
20520.00   1.36761E-05
20620.00   1.35578E-05
20720.00   1.34400E-05
20820.00   1.33239E-05
20920.00   1.32093E-05
21020.00   1.30955E-05
21120.00   1.29831E-05
21220.00   1.26418E-05
21320.00   1.24284E-05
21420.00   1.21553E-05
21448.46   1.20623E-05
21488.46   1.19149E-05
21508.46   1.18336E-05
21520.00   1.17848E-05
21528.46   1.17476E-05
21548.46   1.16547E-05
21558.46   1.16066E-05
21578.46   1.15057E-05
21598.46   1.13962E-05
21618.46   1.12757E-05
21620.00   1.12651E-05
21633.46   1.11707E-05
21640.46   1.11129E-05
21644.46   1.10764E-05
21646.66   1.10542E-05
21647.06   1.10507E-05
21647.46   1.10462E-05
21647.66   1.10441E-05
21647.86   1.10420E-05
21648.06   1.10398E-05
21648.26   1.10375E-05
21648.66   1.10332E-05
21648.86   1.10312E-05
21649.06   1.10290E-05
21649.26   1.10264E-05
21649.46   1.10243E-05
21649.86   1.10199E-05
21650.26   1.10156E-05
21652.46   1.09872E-05
21656.46   1.09712E-05
21663.46   1.10411E-05
21678.46   1.11453E-05
21698.46   1.12440E-05
21718.46   1.13246E-05
21720.00   1.13299E-05
21738.46   1.13940E-05
21748.46   1.14253E-05
21768.46   1.14834E-05
21788.46   1.15352E-05
21808.46   1.15813E-05
21820.00   1.16046E-05
21848.46   1.16548E-05
21920.00   1.17373E-05
22020.00   1.17778E-05
22120.00   1.17648E-05
22220.00   1.18338E-05
22320.00   1.17362E-05
22420.00   1.16404E-05
22520.00   1.15456E-05
22620.00   1.14512E-05
22720.00   1.13586E-05
22780.41   1.13028E-05
22780.76   1.13231E-05
23500.00   1.06854E-05
25000.00   9.51698E-06
27500.00   7.95506E-06
30000.00   6.77444E-06
32500.00   5.83282E-06
35000.00   5.08264E-06
37500.00   4.45089E-06
40000.00   3.92996E-06
42500.00   3.49539E-06
45000.00   3.14406E-06
47500.00   2.83008E-06
50000.00   2.56084E-06
55000.00   2.12671E-06
60000.00   1.79851E-06
65000.00   1.53741E-06
70000.00   1.32928E-06
75000.00   1.16219E-06
80000.00   1.02348E-06
85000.00   9.08136E-07
90000.00   8.11226E-07
95000.00   7.29559E-07
